  0.500000000       3.75000000       6.00000000    
   1.00000000       7.00000000       7.00000000    
   1.50000000       10.7500000       8.00000000    
   2.00000000       15.0000000       9.00000000    
   2.50000000       19.7500000       10.0000000    
   3.00000000       25.0000000       11.0000000    
   3.50000000       30.7500000       12.0000000    
   4.00000000       37.0000000       13.0000000    
   4.50000000       43.7500000       14.0000000    
   5.00000000       51.0000000       15.0000000    
   5.50000000       58.7500000       16.0000000    
   6.00000000       67.0000000       17.0000000    
   6.50000000       75.7500000       18.0000000    
   7.00000000       85.0000000       19.0000000    
   7.50000000       94.7500000       20.0000000    
   8.00000000       105.000000       21.0000000    
   8.50000000       115.750000       22.0000000    
   9.00000000       127.000000       23.0000000    
   9.50000000       138.750000       24.0000000    
   10.0000000       151.000000       25.0000000    
   10.5000000       163.750000       26.0000000    
   11.0000000       177.000000       27.0000000    
   11.5000000       190.750000       28.0000000    
   12.0000000       205.000000       29.0000000    
   12.5000000       219.750000       30.0000000    
   13.0000000       235.000000       31.0000000    
   13.5000000       250.750000       32.0000000    
   14.0000000       267.000000       33.0000000    
   14.5000000       283.750000       34.0000000    
   15.0000000       301.000000       35.0000000    
   15.5000000       318.750000       36.0000000    
   16.0000000       337.000000       37.0000000    
   16.5000000       355.750000       38.0000000    
   17.0000000       375.000000       39.0000000    
   17.5000000       394.750000       40.0000000    
   18.0000000       415.000000       41.0000000    
   18.5000000       435.750000       42.0000000    
   19.0000000       457.000000       43.0000000    
   19.5000000       478.750000       44.0000000    
   20.0000000       501.000000       45.0000000    
   20.5000000       523.750000       46.0000000    
   21.0000000       547.000000       47.0000000    
   21.5000000       570.750000       48.0000000    
   22.0000000       595.000000       49.0000000    
   22.5000000       619.750000       50.0000000    
   23.0000000       645.000000       51.0000000    
   23.5000000       670.750000       52.0000000    
   24.0000000       697.000000       53.0000000    
   24.5000000       723.750000       54.0000000    
   25.0000000       751.000000       55.0000000    
   25.5000000       778.750000       56.0000000    
   26.0000000       807.000000       57.0000000    
   26.5000000       835.750000       58.0000000    
   27.0000000       865.000000       59.0000000    
   27.5000000       894.750000       60.0000000    
   28.0000000       925.000000       61.0000000    
   28.5000000       955.750000       62.0000000    
   29.0000000       987.000000       63.0000000    
   29.5000000       1018.75000       64.0000000    
   30.0000000       1051.00000       65.0000000    
   30.5000000       1083.75000       66.0000000    
   31.0000000       1117.00000       67.0000000    
   31.5000000       1150.75000       68.0000000    
   32.0000000       1185.00000       69.0000000    
   32.5000000       1219.75000       70.0000000    
   33.0000000       1255.00000       71.0000000    
   33.5000000       1290.75000       72.0000000    
   34.0000000       1327.00000       73.0000000    
   34.5000000       1363.75000       74.0000000    
   35.0000000       1401.00000       75.0000000    
   35.5000000       1438.75000       76.0000000    
   36.0000000       1477.00000       77.0000000    
   36.5000000       1515.75000       78.0000000    
   37.0000000       1555.00000       79.0000000    
   37.5000000       1594.75000       80.0000000    
   38.0000000       1635.00000       81.0000000    
   38.5000000       1675.75000       82.0000000    
   39.0000000       1717.00000       83.0000000    
   39.5000000       1758.75000       84.0000000    
   40.0000000       1801.00000       85.0000000    
   40.5000000       1843.75000       86.0000000    
   41.0000000       1887.00000       87.0000000    
   41.5000000       1930.75000       88.0000000    
   42.0000000       1975.00000       89.0000000    
   42.5000000       2019.75000       90.0000000    
   43.0000000       2065.00000       91.0000000    
   43.5000000       2110.75000       92.0000000    
   44.0000000       2157.00000       93.0000000    
   44.5000000       2203.75000       94.0000000    
   45.0000000       2251.00000       95.0000000    
   45.5000000       2298.75000       96.0000000    
   46.0000000       2347.00000       97.0000000    
   46.5000000       2395.75000       98.0000000    
   47.0000000       2445.00000       99.0000000    
   47.5000000       2494.75000       100.000000    
   48.0000000       2545.00000       101.000000    
   48.5000000       2595.75000       102.000000    
   49.0000000       2647.00000       103.000000    
   49.5000000       2698.75000       104.000000    
   50.0000000       2751.00000       105.000000    
