   1.7452777756585016E-002  0.47992692078256105     
   3.4905555513170032E-002  0.55965890983354738     
   5.2358333269755045E-002  0.63912298432489123     
   6.9811111026340064E-002  0.71824625371567652     
   8.7263888782925084E-002  0.79695597578246391     
  0.10471666653951009       0.87517959359189657     
  0.12216944429609511       0.95284477239880216     
  0.13962222205268013       0.95065794134218840     
  0.15707499980926515        1.0271966767273399     
  0.17452777756585017        1.1029857368905223     
  0.19198055532243519        1.0994237077522042     
  0.20943333307902018        1.1737787177742780     
  0.22688611083560520        1.1692459396786401     
  0.24433888859219022        1.2419808202148357     
  0.26179166634877526        1.2363876743651792     
  0.27924444410536026        1.3073190560092112     
  0.29669722186194525        1.3005780094458694     
  0.31414999961853030        1.2934408175899446     
  0.33160277737511529        1.3615513987457395     
  0.34905555513170033        1.3531625086435650     
  0.36650833288828533        1.4190482040260834     
  0.38396111064487037        1.4093259741510673     
  0.40141388840145537        1.3991744752538759     
  0.41886666615804036        1.4616808414705456     
  0.43631944391462540        1.4501012299504989     
  0.45377222167121040        1.4380799296029907     
  0.47122499942779544        1.4969016321173927     
  0.48867777718438044        1.4833633943092035     
  0.50613055494096548        1.4693733362937060     
  0.52358333269755053        1.5242183726280056     
  0.54103611045413547        1.5086289857957620     
  0.55848888821072051        1.4925800830662483     
  0.57594166596730556        1.4760765528023501     
  0.59339444372389050        1.5254472137446711     
  0.61084722148047554        1.5072588473330066     
  0.62829999923706059        1.4886113823569045     
  0.64575277699364564        1.4695104986797893     
  0.66320555475023057        1.5130038409801789     
  0.68065833250681562        1.4921445740264689     
  0.69811111026340067        1.4708308121908209     
  0.71556388801998561        1.4490690474686065     
  0.73301666577657065        1.4863186544928815     
  0.75046944353315570        1.4627376641842100     
  0.76792222128974075        1.4387111360948395     
  0.78537499904632568        1.4142463885062848     
  0.80282777680291073        1.3893508731780841     
  0.82028055455949578        1.4185934600011898     
  0.83773333231608071        1.3918299200755448     
  0.85518611007266576        1.3646424402809247     
  0.87263888782925081        1.3370393016985576     
  0.89009166558583586        1.3090289120158944     
  0.90754444334242079        1.3298744107720726     
  0.92499722109900584        1.2999675749476380     
  0.94244999885559089        1.2696647797639133     
  0.95990277661217593        1.2389752552013975     
  0.97735555436876087        1.2079083490351548     
  0.99480833212534592        1.1764735239875619     
   1.0122611098819310        1.1446803548460422     
   1.0297138876385159        1.1537436561224625     
   1.0471666653951011        1.1200599679364951     
   1.0646194431516860        1.0860351187586561     
   1.0820722209082709        1.0516794722762708     
   1.0995249986648561        1.0170034929347844     
   1.1169777764214410       0.98201774275037856     
   1.1344305541780260       0.94673287809287088     
   1.1518833319346111       0.91115964643986669     
   1.1693361096911961       0.90656991464257386     
   1.1867888874477810       0.86916263321161302     
   1.2042416652043662       0.83149061203944785     
   1.2216944429609511       0.79356532571179461     
   1.2391472207175362       0.75539832595683687     
   1.2565999984741212       0.71700123812666994     
   1.2740527762307061       0.67838575765630960     
   1.2915055539872913       0.63956364650136088     
   1.3089583317438762       0.60054672955542665     
   1.3264111095004611       0.56134689104833835     
   1.3438638872570463       0.52197607092632048     
   1.3613166650136312       0.48244626121518519     
   1.3787694427702162       0.44276950236765217     
   1.3962222205268013       0.40295787959593315     
   1.4136749982833863       0.37554157157656259     
   1.4311277760399712       0.33411577740765069     
   1.4485805537965564       0.29258821433949739     
   1.4660333315531413       0.25097153132395600     
   1.4834861093097265       0.20927840445807691     
   1.5009388870663114       0.16752153312307502     
   1.5183916648228963       0.12571363611620157     
   1.5358444425794815        8.3867447776705253E-002
   1.5532972203360664        4.1995714107058914E-002
   1.5707499980926514        1.1118889063001862E-004
