   9.99999978E-03   6.00599975E-04
   1.99999996E-02   1.60293328E-03
   2.99999993E-02   3.00899986E-03
   3.99999991E-02   4.82159946E-03
   4.99999970E-02   7.04433210E-03
   5.99999949E-02   9.68159828E-03
   6.99999928E-02   1.27385976E-02
   7.99999908E-02   1.62213296E-02
   8.99999887E-02   2.01365948E-02
   9.99999866E-02   2.44919918E-02
  0.109999985       2.92959232E-02
  0.119999982       3.45575884E-02
  0.129999980       4.02869917E-02
  0.139999986       4.64949273E-02
  0.149999991       5.31929992E-02
  0.159999996       6.03936017E-02
  0.170000002       6.81099370E-02
  0.180000007       7.63560086E-02
  0.190000013       8.51466134E-02
  0.200000018       9.44973528E-02
  0.210000023      0.104424626    
  0.220000029      0.114945635    
  0.230000034      0.126078382    
  0.240000039      0.137841642    
  0.250000030      0.150255024    
  0.260000020      0.163338944    
  0.270000011      0.177114606    
  0.280000001      0.191603988    
  0.289999992      0.206829906    
  0.299999982      0.222815961    
  0.309999973      0.239586547    
  0.319999963      0.257166862    
  0.329999954      0.275582910    
  0.339999944      0.294861495    
  0.349999934      0.315030217    
  0.359999925      0.336117446    
  0.369999915      0.358152419    
  0.379999906      0.381165117    
  0.389999896      0.405186355    
  0.399999887      0.430247724    
  0.409999877      0.456381619    
  0.419999868      0.483621240    
  0.429999858      0.512000620    
  0.439999849      0.541554511    
  0.449999839      0.572318554    
  0.459999830      0.604329109    
  0.469999820      0.637623370    
  0.479999810      0.672239363    
  0.489999801      0.708215892    
  0.499999791      0.745592654    
  0.509999812      0.784409881    
  0.519999802      0.824708819    
  0.529999793      0.866531491    
  0.539999783      0.909920692    
  0.549999774      0.954919994    
  0.559999764       1.00157380    
  0.569999754       1.04992735    
  0.579999745       1.10002661    
  0.589999735       1.15191841    
  0.599999726       1.20565033    
  0.609999716       1.26127076    
  0.619999707       1.31882894    
  0.629999697       1.37837493    
  0.639999688       1.43995941    
  0.649999678       1.50363398    
  0.659999669       1.56945109    
  0.669999659       1.63746393    
  0.679999650       1.70772648    
  0.689999640       1.78029358    
  0.699999630       1.85522079    
  0.709999621       1.93256462    
  0.719999611       2.01238203    
  0.729999602       2.09473133    
  0.739999592       2.17967105    
  0.749999583       2.26726103    
  0.759999573       2.35756135    
  0.769999564       2.45063353    
  0.779999554       2.54653931    
  0.789999545       2.64534163    
  0.799999535       2.74710417    
  0.809999526       2.85189128    
  0.819999516       2.95976806    
  0.829999506       3.07080054    
  0.839999497       3.18505549    
  0.849999487       3.30260062    
  0.859999478       3.42350435    
  0.869999468       3.54783583    
  0.879999459       3.67566490    
  0.889999449       3.80706263    
  0.899999440       3.94210029    
  0.909999430       4.08085060    
  0.919999421       4.22338676    
  0.929999411       4.36978245    
  0.939999402       4.52011251    
  0.949999392       4.67445278    
  0.959999382       4.83287954    
  0.969999373       4.99547005    
  0.979999363       5.16230249    
  0.989999354       5.33345509    
  0.999999344       5.50900888    
   1.00999939       5.68904257    
   1.01999938       5.87363768    
   1.02999938       6.06287670    
   1.03999937       6.25684214    
   1.04999936       6.45561790    
   1.05999935       6.65928793    
   1.06999934       6.86793756    
   1.07999933       7.08165312    
   1.08999932       7.30052137    
   1.09999931       7.52462959    
   1.10999930       7.75406647    
   1.11999929       7.98892069    
   1.12999928       8.22928238    
   1.13999927       8.47524261    
   1.14999926       8.72689342    
   1.15999925       8.98432636    
   1.16999924       9.24763489    
   1.17999923       9.51691341    
   1.18999922       9.79225636    
   1.19999921       10.0737600    
   1.20999920       10.3615198    
   1.21999919       10.6556330    
   1.22999918       10.9561977    
   1.23999918       11.2633133    
   1.24999917       11.5770788    
   1.25999916       11.8975954    
   1.26999915       12.2249632    
   1.27999914       12.5592852    
   1.28999913       12.9006634    
   1.29999912       13.2492018    
   1.30999911       13.6050043    
   1.31999910       13.9681768    
   1.32999909       14.3388252    
   1.33999908       14.7170563    
   1.34999907       15.1029768    
   1.35999906       15.4966965    
   1.36999905       15.8983240    
   1.37999904       16.3079681    
   1.38999903       16.7257423    
   1.39999902       17.1517563    
   1.40999901       17.5861225    
   1.41999900       18.0289536    
   1.42999899       18.4803658    
   1.43999898       18.9404716    
   1.44999897       19.4093876    
   1.45999897       19.8872299    
   1.46999896       20.3741169    
   1.47999895       20.8701649    
   1.48999894       21.3754940    
   1.49999893       21.8902225    
   1.50999892       22.4144707    
   1.51999891       22.9483604    
   1.52999890       23.4920158    
   1.53999889       24.0455570    
   1.54999888       24.6091080    
   1.55999887       25.1827927    
   1.56999886       25.7667370    
   1.57999885       26.3610687    
   1.58999884       26.9659119    
   1.59999883       27.5813961    
   1.60999882       28.2076473    
   1.61999881       28.8447971    
   1.62999880       29.4929752    
   1.63999879       30.1523113    
   1.64999878       30.8229370    
   1.65999877       31.5049858    
   1.66999876       32.1985893    
   1.67999876       32.9038849    
   1.68999875       33.6210022    
   1.69999874       34.3500824    
   1.70999873       35.0912590    
   1.71999872       35.8446693    
   1.72999871       36.6104507    
   1.73999870       37.3887405    
   1.74999869       38.1796799    
   1.75999868       38.9834099    
   1.76999867       39.8000717    
   1.77999866       40.6298103    
   1.78999865       41.4727631    
   1.79999864       42.3290749    
   1.80999863       43.1988945    
   1.81999862       44.0823631    
   1.82999861       44.9796257    
   1.83999860       45.8908310    
   1.84999859       46.8161278    
   1.85999858       47.7556610    
   1.86999857       48.7095833    
   1.87999856       49.6780434    
   1.88999856       50.6611900    
   1.89999855       51.6591797    
   1.90999854       52.6721611    
   1.91999853       53.7002869    
   1.92999852       54.7437134    
   1.93999851       55.8025932    
   1.94999850       56.8770828    
   1.95999849       57.9673386    
   1.96999848       59.0735207    
   1.97999847       60.1957817    
   1.98999846       61.3342857    
   1.99999845       62.4892044    
   2.00999856       63.6606674    
   2.01999855       64.8488541    
   2.02999854       66.0539246    
   2.03999853       67.2760391    
   2.04999852       68.5153656    
   2.05999851       69.7720642    
   2.06999850       71.0463028    
   2.07999849       72.3382492    
   2.08999848       73.6480637    
   2.09999847       74.9759216    
   2.10999846       76.3219910    
   2.11999846       77.6864319    
   2.12999845       79.0694275    
   2.13999844       80.4711380    
   2.14999843       81.8917389    
   2.15999842       83.3314056    
   2.16999841       84.7903061    
   2.17999840       86.2686157    
   2.18999839       87.7665100    
   2.19999838       89.2841644    
   2.20999837       90.8217545    
   2.21999836       92.3794556    
   2.22999835       93.9574509    
   2.23999834       95.5559158    
   2.24999833       97.1750336    
   2.25999832       98.8149796    
   2.26999831       100.475937    
   2.27999830       102.158089    
   2.28999829       103.861618    
   2.29999828       105.586708    
   2.30999827       107.333542    
   2.31999826       109.102303    
   2.32999825       110.893181    
   2.33999825       112.706360    
   2.34999824       114.542030    
   2.35999823       116.400375    
   2.36999822       118.281593    
   2.37999821       120.185867    
   2.38999820       122.113388    
   2.39999819       124.064346    
   2.40999818       126.038940    
   2.41999817       128.037354    
   2.42999816       130.059799    
   2.43999815       132.106461    
   2.44999814       134.177521    
   2.45999813       136.273193    
   2.46999812       138.393661    
   2.47999811       140.539139    
   2.48999810       142.709808    
   2.49999809       144.905884    
   2.50999808       147.127563    
   2.51999807       149.375046    
   2.52999806       151.648529    
   2.53999805       153.948212    
   2.54999804       156.274307    
   2.55999804       158.627014    
   2.56999803       161.006546    
   2.57999802       163.413101    
   2.58999801       165.846893    
   2.59999800       168.308121    
   2.60999799       170.796997    
   2.61999798       173.313736    
   2.62999797       175.858536    
   2.63999796       178.431625    
   2.64999795       181.033203    
   2.65999794       183.663483    
   2.66999793       186.322678    
   2.67999792       189.011002    
   2.68999791       191.728668    
   2.69999790       194.475891    
   2.70999789       197.252899    
   2.71999788       200.059891    
   2.72999787       202.897095    
   2.73999786       205.764725    
   2.74999785       208.663010    
   2.75999784       211.592163    
   2.76999784       214.552414    
   2.77999783       217.543976    
   2.78999782       220.567078    
   2.79999781       223.621933    
   2.80999780       226.708771    
   2.81999779       229.827820    
   2.82999778       232.979309    
   2.83999777       236.163467    
   2.84999776       239.380508    
   2.85999775       242.630661    
   2.86999774       245.914169    
   2.87999773       249.231262    
   2.88999772       252.582153    
   2.89999771       255.967087    
   2.90999770       259.386292    
   2.91999769       262.839996    
   2.92999768       266.328461    
   2.93999767       269.851898    
   2.94999766       273.410522    
   2.95999765       277.004608    
   2.96999764       280.634369    
   2.97999763       284.300049    
   2.98999763       288.001892    
