   9.99999978E-03   6.00500032E-02
   1.99999996E-02  0.100216664    
   2.99999993E-02  0.140583321    
   3.99999991E-02  0.181229979    
   4.99999970E-02  0.222236663    
   5.99999949E-02  0.263683319    
   6.99999928E-02  0.305649877    
   7.99999908E-02  0.348216832    
   8.99999887E-02  0.391463071    
   9.99999866E-02  0.435469955    
  0.109999985      0.480316669    
  0.119999982      0.526083171    
  0.129999980      0.572849870    
  0.139999986      0.620696723    
  0.149999991      0.669703245    
  0.159999996      0.719949961    
  0.170000002      0.771516502    
  0.180000007      0.824483037    
  0.190000013      0.878930390    
  0.200000018      0.934937119    
  0.210000023      0.992582977    
  0.220000029       1.05195069    
  0.230000034       1.11311615    
  0.240000039       1.17616463    
  0.250000030       1.24116957    
  0.260000020       1.30821741    
  0.270000011       1.37738276    
  0.280000001       1.44875038    
  0.289999992       1.52239645    
  0.299999982       1.59840286    
  0.309999973       1.67685008    
  0.319999963       1.75781417    
  0.329999954       1.84138596    
  0.339999944       1.92762792    
  0.349999934       2.01663566    
  0.359999925       2.10848045    
  0.369999915       2.20325208    
  0.379999906       2.30101562    
  0.389999896       2.40186095    
  0.399999887       2.50586820    
  0.409999877       2.61311769    
  0.419999868       2.72368145    
  0.429999858       2.83764863    
  0.439999849       2.95509386    
  0.449999839       3.07610321    
  0.459999830       3.20074868    
  0.469999820       3.32911325    
  0.479999810       3.46128082    
  0.489999801       3.59732246    
  0.499999791       3.73733473    
  0.509999812       3.88138676    
  0.519999802       4.02954626    
  0.529999793       4.18191338    
  0.539999783       4.33855486    
  0.549999774       4.49957085    
  0.559999764       4.66501570    
  0.569999754       4.83497858    
  0.579999745       5.00953674    
  0.589999735       5.18879175    
  0.599999726       5.37280369    
  0.609999716       5.56163120    
  0.619999707       5.75541830    
  0.629999697       5.95417595    
  0.639999688       6.15802383    
  0.649999678       6.36703396    
  0.659999669       6.58127689    
  0.669999659       6.80083704    
  0.679999650       7.02580881    
  0.689999640       7.25625277    
  0.699999630       7.49228716    
  0.709999621       7.73386478    
  0.719999611       7.98130798    
  0.729999602       8.23441315    
  0.739999592       8.49352646    
  0.749999583       8.75845814    
  0.759999573       9.02954006    
  0.769999564       9.30672550    
  0.779999554       9.59003925    
  0.789999545       9.87974167    
  0.799999535       10.1757383    
  0.809999526       10.4781485    
  0.819999516       10.7871161    
  0.829999506       11.1026869    
  0.839999497       11.4249811    
  0.849999487       11.7539520    
  0.859999478       12.0897884    
  0.869999468       12.4325628    
  0.879999459       12.7823238    
  0.889999449       13.1391888    
  0.899999440       13.5031834    
  0.909999430       13.8744488    
  0.919999421       14.2530098    
  0.929999411       14.6389151    
  0.939999402       15.0324011    
  0.949999392       15.4334211    
  0.959999382       15.8420715    
  0.969999373       16.2583981    
  0.979999363       16.6825924    
  0.989999354       17.1146564    
  0.999999344       17.5546722    
   1.00999939       18.0026226    
   1.01999938       18.4588127    
   1.02999938       18.9232521    
   1.03999937       19.3958950    
   1.04999936       19.8768330    
   1.05999935       20.3663540    
   1.06999934       20.8642673    
   1.07999933       21.3709087    
   1.08999932       21.8860359    
   1.09999931       22.4101276    
   1.10999930       22.9429932    
   1.11999929       23.4846344    
   1.12999928       24.0355244    
   1.13999927       24.5953789    
   1.14999926       25.1642475    
   1.15999925       25.7426510    
   1.16999924       26.3301144    
   1.17999923       26.9270191    
   1.18999922       27.5335579    
   1.19999921       28.1496315    
   1.20999920       28.7752419    
   1.21999919       29.4104862    
   1.22999918       30.0556469    
   1.23999918       30.7109165    
   1.24999917       31.3757248    
   1.25999916       32.0508308    
   1.26999915       32.7359505    
   1.27999914       33.4314651    
   1.28999913       34.1369019    
   1.29999912       34.8531113    
   1.30999911       35.5794296    
   1.31999910       36.3162384    
   1.32999909       37.0641098    
   1.33999908       37.8221855    
   1.34999907       38.5912323    
   1.35999906       39.3711472    
   1.36999905       40.1617432    
   1.37999904       40.9635925    
   1.38999903       41.7765045    
   1.39999902       42.6002922    
   1.40999901       43.4359016    
   1.41999900       44.2820015    
   1.42999899       45.1404991    
   1.43999898       46.0096817    
   1.44999897       46.8906860    
   1.45999897       47.7835159    
   1.46999896       48.6874084    
   1.47999895       49.6038895    
   1.48999894       50.5321999    
   1.49999893       51.4715691    
   1.50999892       52.4239082    
   1.51999891       53.3880730    
   1.52999890       54.3644485    
   1.53999889       55.3534088    
   1.54999888       56.3538132    
   1.55999887       57.3677597    
   1.56999886       58.3933449    
   1.57999885       59.4318962    
   1.58999884       60.4837990    
   1.59999883       61.5469551    
   1.60999882       62.6244202    
   1.61999881       63.7138977    
   1.62999880       64.8165359    
   1.63999879       65.9329071    
   1.64999878       67.0614853    
   1.65999877       68.2038040    
   1.66999876       69.3594666    
   1.67999876       70.5280991    
   1.68999875       71.7110367    
   1.69999874       72.9065628    
   1.70999873       74.1162033    
   1.71999872       75.3403397    
   1.72999871       76.5770721    
   1.73999870       77.8279114    
   1.74999869       79.0928650    
   1.75999868       80.3719330    
   1.76999867       81.6654968    
   1.77999866       82.9724121    
   1.78999865       84.2938309    
   1.79999864       85.6308823    
   1.80999863       86.9805222    
   1.81999862       88.3450394    
   1.82999861       89.7255783    
   1.83999860       91.1194687    
   1.84999859       92.5282440    
   1.85999858       93.9522705    
   1.86999857       95.3907928    
   1.87999856       96.8449554    
   1.88999856       98.3136139    
   1.89999855       99.7979126    
   1.90999854       101.297096    
   1.91999853       102.811531    
   1.92999852       104.341225    
   1.93999851       105.886177    
   1.94999850       107.447914    
   1.95999849       109.024918    
   1.96999848       110.617172    
   1.97999847       112.225067    
   1.98999846       113.848984    
   1.99999845       115.489456    
   2.00999856       117.145271    
   2.01999855       118.816490    
   2.02999854       120.505638    
   2.03999853       122.211571    
   2.04999852       123.929710    
   2.05999851       125.669983    
   2.06999850       127.421692    
   2.07999849       129.193237    
   2.08999848       130.980804    
   2.09999847       132.785156    
   2.10999846       134.604767    
   2.11999846       136.442703    
   2.12999845       138.298172    
   2.13999844       140.169662    
   2.14999843       142.058701    
   2.15999842       143.966049    
   2.16999841       145.888657    
   2.17999840       147.828812    
   2.18999839       149.788040    
   2.19999838       151.764053    
   2.20999837       153.757629    
   2.21999836       155.768738    
   2.22999835       157.797394    
   2.23999834       159.845886    
   2.24999833       161.910400    
   2.25999832       163.992462    
   2.26999831       166.095123    
   2.27999830       168.213058    
   2.28999829       170.352341    
   2.29999828       172.506119    
   2.30999827       174.682022    
   2.31999826       176.873947    
   2.32999825       179.086472    
   2.33999825       181.318069    
   2.34999824       183.564163    
   2.35999823       185.833923    
   2.36999822       188.120453    
   2.37999821       190.425293    
   2.38999820       192.750732    
   2.39999819       195.096008    
   2.40999818       197.456543    
   2.41999817       199.840729    
   2.42999816       202.243240    
   2.43999815       204.664810    
   2.44999814       207.104691    
   2.45999813       209.564407    
   2.46999812       212.047012    
   2.47999811       214.544876    
   2.48999810       217.067169    
   2.49999809       219.606232    
   2.50999808       222.166656    
   2.51999807       224.746918    
   2.52999806       227.345490    
   2.53999805       229.966949    
   2.54999804       232.608261    
   2.55999804       235.270920    
   2.56999803       237.951889    
   2.57999802       240.655746    
   2.58999801       243.376389    
   2.59999800       246.121445    
   2.60999799       248.886353    
   2.61999798       251.671082    
   2.62999797       254.478699    
   2.63999796       257.307678    
   2.64999795       260.156494    
   2.65999794       263.026672    
   2.66999793       265.915161    
   2.67999792       268.831116    
   2.68999791       271.765381    
   2.69999790       274.721039    
   2.70999789       277.698029    
   2.71999788       280.699432    
   2.72999787       283.719147    
   2.73999786       286.761749    
   2.74999785       289.827240    
   2.75999784       292.912567    
   2.76999784       296.023834    
   2.77999783       299.154938    
   2.78999782       302.308929    
   2.79999781       305.484314    
   2.80999780       308.681030    
   2.81999779       311.903687    
   2.82999778       315.147705    
   2.83999777       318.413086    
   2.84999776       321.705933    
   2.85999775       325.012512    
   2.86999774       328.349609    
   2.87999773       331.706543    
   2.88999772       335.087891    
   2.89999771       338.489105    
   2.90999770       341.922333    
   2.91999769       345.370819    
   2.92999768       348.840668    
   2.93999767       352.341034    
   2.94999766       355.865814    
   2.95999765       359.399750    
   2.96999764       362.982513    
   2.97999763       366.559174    
   2.98999763       370.187744    
