   9.99999978E-03   2.00033333E-04
   1.99999996E-02   8.00533337E-04
   2.99999993E-02   1.80269999E-03
   3.99999991E-02   3.20853316E-03
   4.99999970E-02   5.02083264E-03
   5.99999949E-02   7.24319881E-03
   6.99999928E-02   9.88003146E-03
   7.99999908E-02   1.29365297E-02
   8.99999887E-02   1.64186973E-02
   9.99999866E-02   2.03333274E-02
  0.109999985       2.46880259E-02
  0.119999982       2.94911917E-02
  0.129999980       3.47520225E-02
  0.139999986       4.04805243E-02
  0.149999991       4.66874950E-02
  0.159999996       5.33845313E-02
  0.170000002       6.05840348E-02
  0.180000007       6.82992041E-02
  0.190000013       7.65440390E-02
  0.200000018       8.53333473E-02
  0.210000023       9.46827233E-02
  0.220000029      0.104608558    
  0.230000034      0.115128070    
  0.240000039      0.126259238    
  0.250000030      0.138020873    
  0.260000020      0.150432557    
  0.270000011      0.163514718    
  0.280000001      0.177288532    
  0.289999992      0.191776022    
  0.299999982      0.206999972    
  0.309999973      0.222983986    
  0.319999963      0.239752471    
  0.329999954      0.257330596    
  0.339999944      0.275744438    
  0.349999934      0.295020700    
  0.359999925      0.315187037    
  0.369999915      0.336271822    
  0.379999906      0.358304322    
  0.389999896      0.381314456    
  0.399999887      0.405333042    
  0.409999877      0.430391699    
  0.419999868      0.456522852    
  0.429999858      0.483759642    
  0.439999849      0.512136102    
  0.449999839      0.541687012    
  0.459999830      0.572448015    
  0.469999820      0.604455471    
  0.479999810      0.637746572    
  0.489999801      0.672359347    
  0.499999791      0.708332539    
  0.509999812      0.745705962    
  0.519999802      0.784519792    
  0.529999793      0.824815214    
  0.539999783      0.866634309    
  0.549999774      0.910019815    
  0.559999764      0.955015481    
  0.569999754       1.00166559    
  0.579999745       1.05001533    
  0.589999735       1.10011065    
  0.599999726       1.15199852    
  0.609999716       1.20572650    
  0.619999707       1.26134276    
  0.629999697       1.31889689    
  0.639999688       1.37843859    
  0.649999678       1.44001877    
  0.659999669       1.50368905    
  0.669999659       1.56950176    
  0.679999650       1.63751006    
  0.689999640       1.70776808    
  0.699999630       1.78033054    
  0.709999621       1.85525334    
  0.719999611       1.93259192    
  0.729999602       2.01240492    
  0.739999592       2.09474897    
  0.749999583       2.17968416    
  0.759999573       2.26726866    
  0.769999564       2.35756397    
  0.779999554       2.45063114    
  0.789999545       2.54653144    
  0.799999535       2.64532876    
  0.809999526       2.74708605    
  0.819999516       2.85186744    
  0.829999506       2.95973849    
  0.839999497       3.07076526    
  0.849999487       3.18501496    
  0.859999478       3.30255437    
  0.869999468       3.42345214    
  0.879999459       3.54777765    
  0.889999449       3.67560077    
  0.899999440       3.80699253    
  0.909999430       3.94202423    
  0.919999421       4.08076859    
  0.929999411       4.22329855    
  0.939999402       4.36968756    
  0.949999392       4.52001143    
  0.959999382       4.67434549    
  0.969999373       4.83276606    
  0.979999363       4.99534988    
  0.989999354       5.16217566    
  0.999999344       5.33332205    
   1.00999939       5.50886965    
   1.01999938       5.68889570    
   1.02999938       5.87348366    
   1.03999937       6.06271601    
   1.04999936       6.25667477    
   1.05999935       6.45544291    
   1.06999934       6.65910625    
   1.07999933       6.86774874    
   1.08999932       7.08145761    
   1.09999931       7.30031776    
   1.10999930       7.52441883    
   1.11999929       7.75384855    
   1.12999928       7.98869467    
   1.13999927       8.22904968    
   1.14999926       8.47500324    
   1.15999925       8.72664547    
   1.16999924       8.98407173    
   1.17999923       9.24737263    
   1.18999922       9.51664257    
   1.19999921       9.79197788    
   1.20999920       10.0734739    
   1.21999919       10.3612261    
   1.22999918       10.6553307    
   1.23999918       10.9558868    
   1.24999917       11.2629957    
   1.25999916       11.5767527    
   1.26999915       11.8972607    
   1.27999914       12.2246199    
   1.28999913       12.5589342    
   1.29999912       12.9003029    
   1.30999911       13.2488337    
   1.31999910       13.6046276    
   1.32999909       13.9677896    
   1.33999908       14.3384304    
   1.34999907       14.7166519    
   1.35999906       15.1025639    
   1.36999905       15.4962749    
   1.37999904       15.8978920    
   1.38999903       16.3075275    
   1.39999902       16.7252922    
   1.40999901       17.1512947    
   1.41999900       17.5856533    
   1.42999899       18.0284729    
   1.43999898       18.4798775    
   1.44999897       18.9399738    
   1.45999897       19.4088802    
   1.46999896       19.8867149    
   1.47999895       20.3735886    
   1.48999894       20.8696270    
   1.49999893       21.3749485    
   1.50999892       21.8896637    
   1.51999891       22.4139023    
   1.52999890       22.9477825    
   1.53999889       23.4914265    
   1.54999888       24.0449600    
   1.55999887       24.6084976    
   1.56999886       25.1821747    
   1.57999885       25.7661076    
   1.58999884       26.3604259    
   1.59999883       26.9652634    
   1.60999882       27.5807323    
   1.61999881       28.2069759    
   1.62999880       28.8441143    
   1.63999879       29.4922791    
   1.64999878       30.1516075    
   1.65999877       30.8222218    
   1.66999876       31.5042591    
   1.67999876       32.1978531    
   1.68999875       32.9031334    
   1.69999874       33.6202431    
   1.70999873       34.3493080    
   1.71999872       35.0904694    
   1.72999871       35.8438721    
   1.73999870       36.6096420    
   1.74999869       37.3879204    
   1.75999868       38.1788483    
   1.76999867       38.9825668    
   1.77999866       39.7992210    
   1.78999865       40.6289444    
   1.79999864       41.4718819    
   1.80999863       42.3281898    
   1.81999862       43.1979942    
   1.82999861       44.0814438    
   1.83999860       44.9786987    
   1.84999859       45.8898926    
   1.85999858       46.8151741    
   1.86999857       47.7546959    
   1.87999856       48.7086029    
   1.88999856       49.6770515    
   1.89999855       50.6601868    
   1.90999854       51.6581650    
   1.91999853       52.6711349    
   1.92999852       53.6992493    
   1.93999851       54.7426605    
   1.94999850       55.8015213    
   1.95999849       56.8759995    
   1.96999848       57.9662476    
   1.97999847       59.0724182    
   1.98999846       60.1946678    
   1.99999845       61.3331566    
   2.00999856       62.4880638    
   2.01999855       63.6595154    
   2.02999854       64.8476791    
   2.03999853       66.0527344    
   2.04999852       67.2748489    
   2.05999851       68.5141449    
   2.06999850       69.7708435    
   2.07999849       71.0450592    
   2.08999848       72.3369904    
   2.09999847       73.6467972    
   2.10999846       74.9746475    
   2.11999846       76.3206940    
   2.12999845       77.6851196    
   2.13999844       79.0681000    
   2.14999843       80.4697952    
   2.15999842       81.8903809    
   2.16999841       83.3300400    
   2.17999840       84.7889252    
   2.18999839       86.2672119    
   2.19999838       87.7650909    
   2.20999837       89.2827301    
   2.21999836       90.8203049    
   2.22999835       92.3779907    
   2.23999834       93.9559631    
   2.24999833       95.5544205    
   2.25999832       97.1735229    
   2.26999831       98.8134460    
   2.27999830       100.474396    
   2.28999829       102.156525    
   2.29999828       103.860046    
   2.30999827       105.585106    
   2.31999826       107.331924    
   2.32999825       109.100662    
   2.33999825       110.891525    
   2.34999824       112.704704    
   2.35999823       114.540344    
   2.36999822       116.398682    
   2.37999821       118.279884    
   2.38999820       120.184135    
   2.39999819       122.111641    
   2.40999818       124.062599    
   2.41999817       126.037163    
   2.42999816       128.035568    
   2.43999815       130.057999    
   2.44999814       132.104645    
   2.45999813       134.175690    
   2.46999812       136.271332    
   2.47999811       138.391800    
   2.48999810       140.537247    
   2.49999809       142.707916    
   2.50999808       144.903976    
   2.51999807       147.125641    
   2.52999806       149.373108    
   2.53999805       151.646561    
   2.54999804       153.946228    
   2.55999804       156.272308    
   2.56999803       158.625015    
   2.57999802       161.004532    
   2.58999801       163.411087    
   2.59999800       165.844849    
   2.60999799       168.306061    
   2.61999798       170.794922    
   2.62999797       173.311630    
   2.63999796       175.856415    
   2.64999795       178.429489    
   2.65999794       181.031052    
   2.66999793       183.661316    
   2.67999792       186.320465    
   2.68999791       189.008774    
   2.69999790       191.726425    
   2.70999789       194.473633    
   2.71999788       197.250610    
   2.72999787       200.057602    
   2.73999786       202.894791    
   2.74999785       205.762405    
   2.75999784       208.660675    
   2.76999784       211.589798    
   2.77999783       214.550034    
   2.78999782       217.541580    
   2.79999781       220.564667    
   2.80999780       223.619507    
   2.81999779       226.706314    
   2.82999778       229.825348    
   2.83999777       232.976822    
   2.84999776       236.160950    
   2.85999775       239.378006    
   2.86999774       242.628128    
   2.87999773       245.911621    
   2.88999772       249.228683    
   2.89999771       252.579559    
   2.90999770       255.964447    
   2.91999769       259.383667    
   2.92999768       262.837372    
   2.93999767       266.325775    
   2.94999766       269.849182    
   2.95999765       273.407837    
   2.96999764       277.001831    
   2.97999763       280.631653    
   2.98999763       284.297241    
   2.99999762       287.999115    
