   9.99999978E-03   4.00133319E-02
   1.99999996E-02   8.01066682E-02
   2.99999993E-02  0.120359994    
   3.99999991E-02  0.160853326    
   4.99999970E-02  0.201666653    
   5.99999949E-02  0.242879972    
   6.99999928E-02  0.284573317    
   7.99999908E-02  0.326826632    
   8.99999887E-02  0.369719952    
   9.99999866E-02  0.413333267    
  0.109999985      0.457746595    
  0.119999982      0.503039896    
  0.129999980      0.549293220    
  0.139999986      0.596586585    
  0.149999991      0.644999981    
  0.159999996      0.694613338    
  0.170000002      0.745506704    
  0.180000007      0.797760010    
  0.190000013      0.851453424    
  0.200000018      0.906666756    
  0.210000023      0.963480115    
  0.220000029       1.02197349    
  0.230000034       1.08222687    
  0.240000039       1.14432025    
  0.250000030       1.20833349    
  0.260000020       1.27434683    
  0.270000011       1.34244001    
  0.280000001       1.41269338    
  0.289999992       1.48518658    
  0.299999982       1.55999982    
  0.309999973       1.63721311    
  0.319999963       1.71690631    
  0.329999954       1.79915965    
  0.339999944       1.88405287    
  0.349999934       1.97166610    
  0.359999925       2.06207943    
  0.369999915       2.15537238    
  0.379999906       2.25162578    
  0.389999896       2.35091901    
  0.399999887       2.45333219    
  0.409999877       2.55894518    
  0.419999868       2.66783857    
  0.429999858       2.78009176    
  0.439999849       2.89578485    
  0.449999839       3.01499796    
  0.459999830       3.13781118    
  0.469999820       3.26430440    
  0.479999810       3.39455748    
  0.489999801       3.52865052    
  0.499999791       3.66666365    
  0.509999812       3.80867720    
  0.519999802       3.95477057    
  0.529999793       4.10502338    
  0.539999783       4.25951672    
  0.549999774       4.41832972    
  0.559999764       4.58154249    
  0.569999754       4.74923611    
  0.579999745       4.92148876    
  0.589999735       5.09838200    
  0.599999726       5.27999496    
  0.609999716       5.46640778    
  0.619999707       5.65770102    
  0.629999697       5.85395384    
  0.639999688       6.05524683    
  0.649999678       6.26165962    
  0.659999669       6.47327328    
  0.669999659       6.69016552    
  0.679999650       6.91241884    
  0.689999640       7.14011145    
  0.699999630       7.37332439    
  0.709999621       7.61213779    
  0.719999611       7.85663033    
  0.729999602       8.10688400    
  0.739999592       8.36297607    
  0.749999583       8.62498951    
  0.759999573       8.89300156    
  0.769999564       9.16709423    
  0.779999554       9.44734764    
  0.789999545       9.73383999    
  0.799999535       10.0266533    
  0.809999526       10.3258657    
  0.819999516       10.6315584    
  0.829999506       10.9438114    
  0.839999497       11.2627039    
  0.849999487       11.5883160    
  0.859999478       11.9207296    
  0.869999468       12.2600222    
  0.879999459       12.6062746    
  0.889999449       12.9595671    
  0.899999440       13.3199797    
  0.909999430       13.6875925    
  0.919999421       14.0624847    
  0.929999411       14.4447374    
  0.939999402       14.8344297    
  0.949999392       15.2316427    
  0.959999382       15.6364546    
  0.969999373       16.0489464    
  0.979999363       16.4691982    
  0.989999354       16.8972912    
  0.999999344       17.3333054    
   1.00999939       17.7773209    
   1.01999938       18.2294121    
   1.02999938       18.6896629    
   1.03999937       19.1581573    
   1.04999936       19.6349678    
   1.05999935       20.1201820    
   1.06999934       20.6138725    
   1.07999933       21.1161251    
   1.08999932       21.6270199    
   1.09999931       22.1466293    
   1.10999930       22.6750431    
   1.11999929       23.2123356    
   1.12999928       23.7585869    
   1.13999927       24.3138790    
   1.14999926       24.8782921    
   1.15999925       25.4519024    
   1.16999924       26.0347958    
   1.17999923       26.6270485    
   1.18999922       27.2287388    
   1.19999921       27.8399506    
   1.20999920       28.4607639    
   1.21999919       29.0912552    
   1.22999918       29.7315063    
   1.23999918       30.3815994    
   1.24999917       31.0416126    
   1.25999916       31.7116222    
   1.26999915       32.3917160    
   1.27999914       33.0819664    
   1.28999913       33.7824593    
   1.29999912       34.4932709    
   1.30999911       35.2144814    
   1.31999910       35.9461746    
   1.32999909       36.6884232    
   1.33999908       37.4413185    
   1.34999907       38.2049255    
   1.35999906       38.9793396    
   1.36999905       39.7646332    
   1.37999904       40.5608826    
   1.38999903       41.3681755    
   1.39999902       42.1865845    
   1.40999901       43.0161972    
   1.41999900       43.8570900    
   1.42999899       44.7093391    
   1.43999898       45.5730362    
   1.44999897       46.4482422    
   1.45999897       47.3350563    
   1.46999896       48.2335472    
   1.47999895       49.1437950    
   1.48999894       50.0658875    
   1.49999893       50.9999008    
   1.50999892       51.9459114    
   1.51999891       52.9040031    
   1.52999890       53.8742523    
   1.53999889       54.8567429    
   1.54999888       55.8515549    
   1.55999887       56.8587646    
   1.56999886       57.8784561    
   1.57999885       58.9107056    
   1.58999884       59.9555969    
   1.59999883       61.0132103    
   1.60999882       62.0836182    
   1.61999881       63.1669121    
   1.62999880       64.2631607    
   1.63999879       65.3724518    
   1.64999878       66.4948654    
   1.65999877       67.6304779    
   1.66999876       68.7793655    
   1.67999876       69.9416122    
   1.68999875       71.1173096    
   1.69999874       72.3065186    
   1.70999873       73.5093231    
   1.71999872       74.7258148    
   1.72999871       75.9560623    
   1.73999870       77.2001572    
   1.74999869       78.4581680    
   1.75999868       79.7301865    
   1.76999867       81.0162659    
   1.77999866       82.3165207    
   1.78999865       83.6310043    
   1.79999864       84.9598160    
   1.80999863       86.3030319    
   1.81999862       87.6607208    
   1.82999861       89.0329666    
   1.83999860       90.4198608    
   1.84999859       91.8214722    
   1.85999858       93.2378769    
   1.86999857       94.6691666    
   1.87999856       96.1154175    
   1.88999856       97.5767059    
   1.89999855       99.0531158    
   1.90999854       100.544724    
   1.91999853       102.051620    
   1.92999852       103.573868    
   1.93999851       105.111549    
   1.94999850       106.664764    
   1.95999849       108.233574    
   1.96999848       109.818062    
   1.97999847       111.418312    
   1.98999846       113.034409    
   1.99999845       114.666412    
   2.00999856       116.314438    
   2.01999855       117.978539    
   2.02999854       119.658783    
   2.03999853       121.355263    
   2.04999852       123.068085    
   2.05999851       124.797279    
   2.06999850       126.542984    
   2.07999849       128.305222    
   2.08999848       130.084106    
   2.09999847       131.879730    
   2.10999846       133.692139    
   2.11999846       135.521423    
   2.12999845       137.367676    
   2.13999844       139.230957    
   2.14999843       141.111374    
   2.15999842       143.008972    
   2.16999841       144.923874    
   2.17999840       146.856125    
   2.18999839       148.805801    
   2.19999838       150.773026    
   2.20999837       152.757828    
   2.21999836       154.760315    
   2.22999835       156.780563    
   2.23999834       158.818649    
   2.24999833       160.874649    
   2.25999832       162.948669    
   2.26999831       165.040756    
   2.27999830       167.151001    
   2.28999829       169.279480    
   2.29999828       171.426300    
   2.30999827       173.591507    
   2.31999826       175.775192    
   2.32999825       177.977432    
   2.33999825       180.198318    
   2.34999824       182.437943    
   2.35999823       184.696335    
   2.36999822       186.973618    
   2.37999821       189.269882    
   2.38999820       191.585159    
   2.39999819       193.919571    
   2.40999818       196.273178    
   2.41999817       198.646072    
   2.42999816       201.038315    
   2.43999815       203.449997    
   2.44999814       205.881210    
   2.45999813       208.332031    
   2.46999812       210.802505    
   2.47999811       213.292755    
   2.48999810       215.802841    
   2.49999809       218.332855    
   2.50999808       220.882843    
   2.51999807       223.452942    
   2.52999806       226.043198    
   2.53999805       228.653671    
   2.54999804       231.284485    
   2.55999804       233.935699    
   2.56999803       236.607376    
   2.57999802       239.299606    
   2.58999801       242.012512    
   2.59999800       244.746124    
   2.60999799       247.500519    
   2.61999798       250.275803    
   2.62999797       253.072052    
   2.63999796       255.889359    
   2.64999795       258.727753    
   2.65999794       261.587372    
   2.66999793       264.468231    
   2.67999792       267.370483    
   2.68999791       270.294159    
   2.69999790       273.239349    
   2.70999789       276.206177    
   2.71999788       279.194672    
   2.72999787       282.204895    
   2.73999786       285.237000    
   2.74999785       288.290985    
   2.75999784       291.367004    
   2.76999784       294.465088    
   2.77999783       297.585358    
   2.78999782       300.727844    
   2.79999781       303.892639    
   2.80999780       307.079834    
   2.81999779       310.289520    
   2.82999778       313.521759    
   2.83999777       316.776672    
   2.84999776       320.054260    
   2.85999775       323.354675    
   2.86999774       326.677948    
   2.87999773       330.024200    
   2.88999772       333.393494    
   2.89999771       336.785858    
   2.90999770       340.201477    
   2.91999769       343.640350    
   2.92999768       347.102631    
   2.93999767       350.588287    
   2.94999766       354.097504    
   2.95999765       357.630310    
   2.96999764       361.186798    
   2.97999763       364.767059    
   2.98999763       368.371124    
   2.99999762       371.999115    
