   2.04029989       9.99999978E-03
   2.08119988       1.99999996E-02
   2.12269998       2.99999993E-02
   2.16480017       3.99999991E-02
   2.20749998       4.99999970E-02
   2.25079989       5.99999949E-02
   2.29469991       6.99999928E-02
   2.33920002       7.99999908E-02
   2.38429999       8.99999887E-02
   2.42999983       9.99999866E-02
   2.47630000      0.109999985    
   2.52320004      0.119999982    
   2.57069993      0.129999980    
   2.61879992      0.139999986    
   2.66750002      0.149999991    
   2.71679997      0.159999996    
   2.76670003      0.170000002    
   2.81719995      0.180000007    
   2.86829996      0.190000013    
   2.92000031      0.200000018    
   2.97230005      0.210000023    
   3.02520013      0.220000029    
   3.07870007      0.230000034    
   3.13280010      0.240000039    
   3.18750000      0.250000030    
   3.24280000      0.260000020    
   3.29869986      0.270000011    
   3.35519981      0.280000001    
   3.41229987      0.289999992    
   3.46999979      0.299999982    
   3.52829981      0.309999973    
   3.58719969      0.319999963    
   3.64669967      0.329999954    
   3.70679951      0.339999944    
   3.76749945      0.349999934    
   3.82879949      0.359999925    
   3.89069939      0.369999915    
   3.95319939      0.379999906    
   4.01629925      0.389999896    
   4.07999897      0.399999887    
   4.14429903      0.409999877    
   4.20919895      0.419999868    
   4.27469921      0.429999858    
   4.34079885      0.439999849    
   4.40749884      0.449999839    
   4.47479868      0.459999830    
   4.54269886      0.469999820    
   4.61119843      0.479999810    
   4.68029833      0.489999801    
   4.74999857      0.499999791    
   4.82029819      0.509999812    
   4.89119816      0.519999802    
   4.96269846      0.529999793    
   5.03479815      0.539999783    
   5.10749817      0.549999774    
   5.18079805      0.559999764    
   5.25469780      0.569999754    
   5.32919788      0.579999745    
   5.40429783      0.589999735    
   5.47999763      0.599999726    
   5.55629778      0.609999716    
   5.63319731      0.619999707    
   5.71069717      0.629999697    
   5.78879738      0.639999688    
   5.86749744      0.649999678    
   5.94679737      0.659999669    
   6.02669716      0.669999659    
   6.10719681      0.679999650    
   6.18829679      0.689999640    
   6.26999664      0.699999630    
   6.35229683      0.709999621    
   6.43519640      0.719999611    
   6.51869678      0.729999602    
   6.60279655      0.739999592    
   6.68749619      0.749999583    
   6.77279615      0.759999573    
   6.85869598      0.769999564    
   6.94519615      0.779999554    
   7.03229570      0.789999545    
   7.11999559      0.799999535    
   7.20829582      0.809999526    
   7.29719543      0.819999516    
   7.38669538      0.829999506    
   7.47679520      0.839999497    
   7.56749535      0.849999487    
   7.65879488      0.859999478    
   7.75069475      0.869999468    
   7.84319496      0.879999459    
   7.93629456      0.889999449    
   8.02999496      0.899999440    
   8.12429428      0.909999430    
   8.21919441      0.919999421    
   8.31469440      0.929999411    
   8.41079426      0.939999402    
   8.50749397      0.949999392    
   8.60479355      0.959999382    
   8.70269394      0.969999373    
   8.80119324      0.979999363    
   8.90029335      0.989999354    
   8.99999332      0.999999344    
   9.10029411       1.00999939    
   9.20119381       1.01999938    
   9.30269337       1.02999938    
   9.40479279       1.03999937    
   9.50749397       1.04999936    
   9.61079311       1.05999935    
   9.71469307       1.06999934    
   9.81919289       1.07999933    
   9.92429352       1.08999932    
   10.0299931       1.09999931    
   10.1362925       1.10999930    
   10.2431927       1.11999929    
   10.3506927       1.12999928    
   10.4587917       1.13999927    
   10.5674915       1.14999926    
   10.6767921       1.15999925    
   10.7866917       1.16999924    
   10.8971920       1.17999923    
   11.0082912       1.18999922    
   11.1199913       1.19999921    
   11.2322912       1.20999920    
   11.3451910       1.21999919    
   11.4586906       1.22999918    
   11.5727901       1.23999918    
   11.6874905       1.24999917    
   11.8027897       1.25999916    
   11.9186897       1.26999915    
   12.0351906       1.27999914    
   12.1522903       1.28999913    
   12.2699890       1.29999912    
   12.3882895       1.30999911    
   12.5071888       1.31999910    
   12.6266890       1.32999909    
   12.7467890       1.33999908    
   12.8674889       1.34999907    
   12.9887886       1.35999906    
   13.1106892       1.36999905    
   13.2331886       1.37999904    
   13.3562880       1.38999903    
   13.4799881       1.39999902    
   13.6042881       1.40999901    
   13.7291870       1.41999900    
   13.8546867       1.42999899    
   13.9807873       1.43999898    
   14.1074867       1.44999897    
   14.2347870       1.45999897    
   14.3626862       1.46999896    
   14.4911861       1.47999895    
   14.6202869       1.48999894    
   14.7499866       1.49999893    
   14.8802853       1.50999892    
   15.0111866       1.51999891    
   15.1426849       1.52999890    
   15.2747860       1.53999889    
   15.4074850       1.54999888    
   15.5407848       1.55999887    
   15.6746845       1.56999886    
   15.8091850       1.57999885    
   15.9442835       1.58999884    
   16.0799847       1.59999883    
   16.2162819       1.60999882    
   16.3531837       1.61999881    
   16.4906826       1.62999880    
   16.6287842       1.63999879    
   16.7674828       1.64999878    
   16.9067841       1.65999877    
   17.0466824       1.66999876    
   17.1871834       1.67999876    
   17.3282814       1.68999875    
   17.4699821       1.69999874    
   17.6122818       1.70999873    
   17.7551823       1.71999872    
   17.8986816       1.72999871    
   18.0427818       1.73999870    
   18.1874809       1.74999869    
   18.3327827       1.75999868    
   18.4786797       1.76999867    
   18.6251812       1.77999866    
   18.7722797       1.78999865    
   18.9199791       1.79999864    
   19.0682793       1.80999863    
   19.2171803       1.81999862    
   19.3666782       1.82999861    
   19.5167789       1.83999860    
   19.6674786       1.84999859    
   19.8187790       1.85999858    
   19.9706764       1.86999857    
   20.1231785       1.87999856    
   20.2762775       1.88999856    
   20.4299774       1.89999855    
   20.5842781       1.90999854    
   20.7391777       1.91999853    
   20.8946762       1.92999852    
   21.0507774       1.93999851    
   21.2074757       1.94999850    
   21.3647766       1.95999849    
   21.5226746       1.96999848    
   21.6811752       1.97999847    
   21.8402748       1.98999846    
   21.9999752       1.99999845    
   22.1602783       2.00999856    
   22.3211765       2.01999855    
   22.4826775       2.02999854    
   22.6447754       2.03999853    
   22.8074760       2.04999852    
   22.9707756       2.05999851    
   23.1346760       2.06999850    
   23.2991753       2.07999849    
   23.4642754       2.08999848    
   23.6299744       2.09999847    
   23.7962761       2.10999846    
   23.9631729       2.11999846    
   24.1306725       2.12999845    
   24.2987728       2.13999844    
   24.4674721       2.14999843    
   24.6367722       2.15999842    
   24.8066750       2.16999841    
   24.9771729       2.17999840    
   25.1482735       2.18999839    
   25.3199730       2.19999838    
   25.4922714       2.20999837    
   25.6651726       2.21999836    
   25.8386726       2.22999835    
   26.0127716       2.23999834    
   26.1874695       2.24999833    
   26.3627701       2.25999832    
   26.5386696       2.26999831    
   26.7151699       2.27999830    
   26.8922691       2.28999829    
   27.0699692       2.29999828    
   27.2482681       2.30999827    
   27.4271679       2.31999826    
   27.6066666       2.32999825    
   27.7867680       2.33999825    
   27.9674683       2.34999824    
   28.1487675       2.35999823    
   28.3306656       2.36999822    
   28.5131683       2.37999821    
   28.6962662       2.38999820    
   28.8799667       2.39999819    
   29.0642662       2.40999818    
   29.2491646       2.41999817    
   29.4346657       2.42999816    
   29.6207657       2.43999815    
   29.8074646       2.44999814    
   29.9947662       2.45999813    
   30.1826630       2.46999812    
   30.3711643       2.47999811    
   30.5602646       2.48999810    
   30.7499638       2.49999809    
   30.9402618       2.50999808    
   31.1311626       2.51999807    
   31.3226624       2.52999806    
   31.5147629       2.53999805    
   31.7074623       2.54999804    
   31.9007626       2.55999804    
   32.0946617       2.56999803    
   32.2891617       2.57999802    
   32.4842606       2.58999801    
   32.6799622       2.59999800    
   32.8762589       2.60999799    
   33.0731583       2.61999798    
   33.2706604       2.62999797    
   33.4687576       2.63999796    
   33.6674576       2.64999795    
   33.8667603       2.65999794    
   34.0666580       2.66999793    
   34.2671585       2.67999792    
   34.4682579       2.68999791    
   34.6699562       2.69999790    
   34.8722572       2.70999789    
   35.0751572       2.71999788    
   35.2786560       2.72999787    
   35.4827576       2.73999786    
   35.6874542       2.74999785    
   35.8927536       2.75999784    
   36.0986557       2.76999784    
   36.3051529       2.77999783    
   36.5122528       2.78999782    
   36.7199554       2.79999781    
   36.9282532       2.80999780    
   37.1371536       2.81999779    
   37.3466530       2.82999778    
   37.5567551       2.83999777    
   37.7674522       2.84999776    
   37.9787521       2.85999775    
   38.1906509       2.86999774    
   38.4031525       2.87999773    
   38.6162529       2.88999772    
   38.8299484       2.89999771    
   39.0442505       2.90999770    
   39.2591476       2.91999769    
   39.4746513       2.92999768    
   39.6907501       2.93999767    
   39.9074478       2.94999766    
   40.1247482       2.95999765    
   40.3426476       2.96999764    
   40.5611496       2.97999763    
   40.7802467       2.98999763    
   40.9999466       2.99999762    
   41.2202454       3.00999761    
   41.4411469       3.01999760    
   41.6626472       3.02999759    
   41.8847504       3.03999758    
   42.1074448       3.04999757    
   42.3307457       3.05999756    
   42.5546455       3.06999755    
   42.7791443       3.07999754    
   43.0042419       3.08999753    
   43.2299423       3.09999752    
   43.4562454       3.10999751    
   43.6831436       3.11999750    
   43.9106445       3.12999749    
   44.1387405       3.13999748    
   44.3674431       3.14999747    
   44.5967407       3.15999746    
   44.8266411       3.16999745    
   45.0571404       3.17999744    
   45.2882423       3.18999743    
   45.5199432       3.19999743    
   45.7522392       3.20999742    
   45.9851379       3.21999741    
   46.2186394       3.22999740    
   46.4527397       3.23999739    
   46.6874390       3.24999738    
   46.9227371       3.25999737    
   47.1586380       3.26999736    
   47.3951340       3.27999735    
   47.6322365       3.28999734    
   47.8699341       3.29999733    
   48.1082382       3.30999732    
   48.3471375       3.31999731    
   48.5866356       3.32999730    
   48.8267326       3.33999729    
   49.0674362       3.34999728    
   49.3087311       3.35999727    
   49.5506325       3.36999726    
   49.7931328       3.37999725    
   50.0362358       3.38999724    
   50.2799301       3.39999723    
   50.5242310       3.40999722    
   50.7691307       3.41999722    
   51.0146332       3.42999721    
   51.2607346       3.43999720    
   51.5074272       3.44999719    
   51.7547302       3.45999718    
   52.0026321       3.46999717    
   52.2511292       3.47999716    
   52.5002289       3.48999715    
   52.7499275       3.49999714    
   53.0002289       3.50999713    
   53.2511292       3.51999712    
   53.5026245       3.52999711    
   53.7547264       3.53999710    
   54.0074272       3.54999709    
   54.2607269       3.55999708    
   54.5146217       3.56999707    
   54.7691231       3.57999706    
   55.0242271       3.58999705    
   55.2799225       3.59999704    
   55.5362244       3.60999703    
   55.7931252       3.61999702    
   56.0506210       3.62999701    
   56.3087234       3.63999701    
   56.5674210       3.64999700    
   56.8267250       3.65999699    
   57.0866203       3.66999698    
   57.3471222       3.67999697    
   57.6082191       3.68999696    
   57.8699188       3.69999695    
   58.1322212       3.70999694    
   58.3951187       3.71999693    
   58.6586189       3.72999692    
   58.9227180       3.73999691    
   59.1874199       3.74999690    
   59.4527206       3.75999689    
   59.7186165       3.76999688    
   59.9851189       3.77999687    
   60.2522202       3.78999686    
   60.5199127       3.79999685    
   60.7882156       3.80999684    
   61.0571136       3.81999683    
   61.3266144       3.82999682    
   61.5967178       3.83999681    
   61.8674126       3.84999681    
   62.1387138       3.85999680    
   62.4106140       3.86999679    
   62.6831131       3.87999678    
   62.9562111       3.88999677    
   63.2299080       3.89999676    
   63.5042114       3.90999675    
   63.7791061       3.91999674    
   64.0546112       3.92999673    
   64.3307037       3.93999672    
   64.6074066       3.94999671    
   64.8847122       3.95999670    
   65.1626129       3.96999669    
   65.4411087       3.97999668    
   65.7202072       3.98999667    
   65.9999084       3.99999666    
   66.2802124       4.00999689    
   66.5611191       4.01999712    
   66.8426285       4.02999735    
   67.1247330       4.03999758    
   67.4074402       4.04999781    
   67.6907425       4.05999804    
   67.9746475       4.06999826    
   68.2591553       4.07999849    
   68.5442657       4.08999872    
   68.8299713       4.09999895    
   69.1162796       4.10999918    
   69.4031830       4.11999941    
   69.6906891       4.12999964    
   69.9787979       4.13999987    
   70.2675018       4.15000010    
   70.5568085       4.16000032    
   70.8467178       4.17000055    
   71.1372223       4.18000078    
   71.4283295       4.19000101    
   71.7200394       4.20000124    
   72.0123367       4.21000147    
   72.3052521       4.22000170    
   72.5987549       4.23000193    
   72.8928680       4.24000216    
   73.1875687       4.25000238    
   73.4828796       4.26000261    
   73.7787781       4.27000284    
   74.0752869       4.28000307    
   74.3723984       4.29000330    
   74.6701050       4.30000353    
   74.9684067       4.31000376    
   75.2673187       4.32000399    
   75.5668259       4.33000422    
   75.8669281       4.34000444    
   76.1676407       4.35000467    
   76.4689484       4.36000490    
   76.7708511       4.37000513    
   77.0733566       4.38000536    
   77.3764648       4.39000559    
   77.6801758       4.40000582    
   77.9844818       4.41000605    
   78.2893906       4.42000628    
   78.5949020       4.43000650    
   78.9010010       4.44000673    
   79.2077179       4.45000696    
   79.5150223       4.46000719    
   79.8229294       4.47000742    
   80.1314392       4.48000765    
   80.4405441       4.49000788    
   80.7502518       4.50000811    
   81.0605621       4.51000834    
   81.3714676       4.52000856    
   81.6829681       4.53000879    
   81.9950790       4.54000902    
   82.3077850       4.55000925    
   82.6210938       4.56000948    
   82.9350052       4.57000971    
   83.2495117       4.58000994    
   83.5646210       4.59001017    
   83.8803253       4.60001040    
   84.1966324       4.61001062    
   84.5135422       4.62001085    
   84.8310471       4.63001108    
   85.1491547       4.64001131    
   85.4678726       4.65001154    
   85.7871704       4.66001177    
   86.1070786       4.67001200    
   86.4275894       4.68001223    
   86.7487030       4.69001245    
   87.0704041       4.70001268    
   87.3927155       4.71001291    
   87.7156219       4.72001314    
   88.0391312       4.73001337    
   88.3632431       4.74001360    
   88.6879501       4.75001383    
   89.0132599       4.76001406    
   89.3391647       4.77001429    
   89.6656723       4.78001451    
   89.9927750       4.79001474    
   90.3204880       4.80001497    
   90.6487961       4.81001520    
   90.9777069       4.82001543    
   91.3072128       4.83001566    
   91.6373291       4.84001589    
   91.9680252       4.85001612    
   92.2993393       4.86001635    
   92.6312485       4.87001657    
   92.9637604       4.88001680    
   93.2968674       4.89001703    
   93.6305771       4.90001726    
   93.9648819       4.91001749    
   94.2997894       4.92001772    
   94.6352997       4.93001795    
   94.9714127       4.94001818    
   95.3081131       4.95001841    
   95.6454315       4.96001863    
   95.9833374       4.97001886    
   96.3218460       4.98001909    
   96.6609573       4.99001932    
   97.0006638       5.00001955    
