 4.10  5.00  4.55 R
 7.40  9.40  8.40 A
 6.00  5.30  5.65 A
 2.10  7.00  4.55 R
 9.60  8.00  8.80 A
 3.70  6.00  4.85 R
 4.10  2.00  3.05 R
 4.50  1.00  2.75 R
 1.30  0.00  0.65 R
 2.10  3.60  2.85 R
 6.50  8.00  7.25 A
 8.50  9.00  8.75 A
 8.00  7.20  7.60 A
 1.40  7.00  4.20 R
 2.10  4.00  3.05 R
 5.20  4.60  4.90 R
10.00 10.00 10.00 A
 6.00  3.00  4.50 R
 7.00  9.40  8.20 A
 6.10  2.60  4.35 R
 8.00  2.00  5.00 A
 3.60  4.20  3.90 R
 4.60  6.00  5.30 A
 1.60  4.60  3.10 R
 1.60  2.00  1.80 R
 1.60  0.00  0.80 R
 5.00  5.00  5.00 A
 9.10  6.00  7.55 A
 4.00  4.60  4.30 R
 2.00  0.60  1.30 R
 2.00  4.40  3.20 R
 0.00  5.40  2.70 R
 0.00  2.00  1.00 R
 4.50  6.00  5.25 A
 3.80  7.00  5.40 A
 1.60  1.80  1.70 R
