   5.0000000745058060E-002   4.0833333345750971     
  0.10000000149011612        4.1649659888279178     
  0.15000000223517418        4.2449986563681854     
  0.20000000298023224        4.3235224358281235     
  0.25000000372529030        4.4006200670415350     
  0.30000000447034836        4.4763669693467101     
  0.35000000521540642        4.5508321194523624     
  0.40000000596046448        4.6240787982027314     
  0.45000000670552254        4.6961652294352501     
  0.50000000745058060        4.7671451294206841     
  0.55000000819563866        4.8370681817404471     
  0.60000000894069672        4.9059804496217838     
  0.65000000968575478        4.9739247355241227     
  0.70000001043081284        5.0409408960059441     
  0.75000001117587090        5.1070661184945658     
  0.80000001192092896        5.1723351654515390     
  0.85000001266598701        5.2367805905134874     
  0.90000001341104507        5.3004329304461981     
  0.95000001415610313        5.3633208761431783     
   1.0000000149011612        5.4254714254014003     
   1.0500000156462193        5.4869100197952001     
   1.1000000163912773        5.5476606676275528     
   1.1500000171363354        5.6077460546530240     
   1.2000000178813934        5.6671876440280995     
   1.2500000186264515        5.7260057667439836     
   1.3000000193715096        5.7842197036275875     
   1.3500000201165676        5.8418477598529304     
   1.4000000208616257        5.8989073327831187     
   1.4500000216066837        5.9554149738589315     
   1.5000000223517418        6.0113864451608547     
   1.5500000230967999        6.0668367711948301     
   1.6000000238418579        6.1217802863859827     
   1.6500000245869160        6.1762306787075882     
   1.7000000253319740        6.2302010298231227     
   1.7500000260770321        6.2837038520763322     
   1.8000000268220901        6.3367511226268443     
   1.8500000275671482        6.3893543149962184     
   1.9000000283122063        6.4415244282607205     
   1.9500000290572643        6.4932720141020415     
   2.0000000298023224        6.5446072019051176     
   2.0500000305473804        6.5955397220727683     
   2.1000000312924385        6.6460789277097003     
   2.1500000320374966        6.6962338148132243     
   2.2000000327825546        6.7460130410945700     
   2.2500000335276127        6.7954249435427014     
   2.3000000342726707        6.8444775548318795     
   2.3500000350177288        6.8931786186647308     
   2.4000000357627869        6.9415356041340779     
   2.4500000365078449        6.9895557191792079     
   2.5000000372529030        7.0372459232054423     
   2.5500000379979610        7.0846129389297632     
   2.6000000387430191        7.1316632635097736     
   2.6500000394880772        7.1784031790082992     
   2.7000000402331352        7.2248387622415100     
   2.7500000409781933        7.2709758940543967     
   2.8000000417232513        7.3168202680638004     
   2.8500000424683094        7.3623773989059105     
   2.9000000432133675        7.4076526300221426     
   2.9500000439584255        7.4526511410146039     
   3.0000000447034836        7.4973779545998980     
   3.0500000454485416        7.5418379431877582     
   3.1000000461935997        7.5860358351089809     
   3.1500000469386578        7.6299762205152408     
   3.2000000476837158        7.6736635569716940     
   3.2500000484287739        7.7171021747616990     
   3.3000000491738319        7.7602962819215771     
   3.3500000499188900        7.8032499690220192     
   3.4000000506639481        7.8459672137115630     
   3.4500000514090061        7.8884518850364511     
   3.5000000521540642        7.9307077475501950     
   3.5500000528991222        7.9727384652252162     
   3.6000000536441803        8.0145476051781053     
   3.6500000543892384        8.0561386412192437     
   3.7000000551342964        8.0975149572368075     
   3.7500000558793545        8.1386798504244986     
   3.8000000566244125        8.1796365343617587     
   3.8500000573694706        8.2203881419546008     
   3.9000000581145287        8.2609377282447110     
   3.9500000588595867        8.3012882730939594     
   4.0000000596046448        8.3414426837510121     
   4.0500000603497028        8.3814037973063105     
   4.1000000610947609        8.4211743830413059     
   4.1500000618398190        8.4607571446774568     
   4.2000000625848770        8.5001547225301763     
   4.2500000633299351        8.5393696955725922     
   4.3000000640749931        8.5784045834136951     
   4.3500000648200512        8.6172618481951773     
   4.4000000655651093        8.6559438964110154     
   4.4500000663101673        8.6944530806536022     
   4.5000000670552254        8.7327917012900294     
   4.5500000678002834        8.7709620080718977     
   4.6000000685453415        8.8089662016818604     
   4.6500000692903996        8.8468064352199054     
   4.7000000700354576        8.8844848156322271     
   4.7500000707805157        8.9220034050853698     
   4.8000000715255737        8.9593642222881957     
   4.8500000722706318        8.9965692437640676     
   4.9000000730156898        9.0336204050755242     
   4.9500000737607479        9.0705196020036016     
   5.0000000745058060        9.1072686916838403     
   5.0500000752508640        9.1438694937008886     
   5.1000000759959221        9.1803237911435644     
   5.1500000767409801        9.2166333316220772     
   5.2000000774860382        9.2527998282490760     
   5.2500000782310963        9.2888249605860693     
   5.3000000789761543        9.3247103755567213     
   5.3500000797212124        9.3604576883284043     
   5.4000000804662704        9.3960684831633650     
   5.4500000812113285        9.4315443142407656     
   5.5000000819563866        9.4668867064508184     
   5.5500000827014446        9.5020971561621526     
   5.6000000834465027        9.5371771319635172     
   5.6500000841915607        9.5721280753808546     
   5.7000000849366188        9.6069514015707433     
   5.7500000856816769        9.6416484999911525     
   5.8000000864267349        9.6762207350504053     
   5.8500000871717930        9.7106694467352206     
   5.9000000879168510        9.7449959512186428     
   5.9500000886619091        9.7792015414486428     
   6.0000000894069672        9.8132874877181386     
   6.0500000901520252        9.8472550382171509     
   6.1000000908970833        9.8811054195677634     
   6.1500000916421413        9.9148398373425479     
   6.2000000923871994        9.9484594765670717     
   6.2500000931322575        9.9819655022070748     
   6.3000000938773155        10.015359059640897     
   6.3500000946223736        10.048641275117687     
   6.4000000953674316        10.081813256201913     
   6.4500000961124897        10.114876092204687     
   6.5000000968575478        10.147830854602349     
   6.5500000976026058        10.180678597442801     
   6.6000000983476639        10.213420357740009     
   6.6500000990927219        10.246057155857084     
   6.7000000998377800        10.278589995878363     
   6.7500001005828381        10.311019865970861     
   6.8000001013278961        10.343347738735464     
   6.8500001020729542        10.375574571548215     
   6.9000001028180122        10.407701306892054     
   6.9500001035630703        10.439728872679289     
   7.0000001043081284        10.471658182565173     
   7.0500001050531864        10.503490136252831     
   7.1000001057982445        10.535225619789859     
   7.1500001065433025        10.566865505856867     
   7.2000001072883606        10.598410654048223     
   7.2500001080334187        10.629861911145255     
   7.3000001087784767        10.661220111382164     
   7.3500001095235348        10.692486076704887     
   7.4000001102685928        10.723660617023119     
   7.4500001110136509        10.754744530455744     
   7.5000001117587090        10.785738603569841     
   7.5500001125037670        10.816643611613525     
   7.6000001132488251        10.847460318742758     
   7.6500001139938831        10.878189478242373     
   7.7000001147389412        10.908831832741445     
   7.7500001154839993        10.939388114423222     
   7.8000001162290573        10.969859045229754     
   7.8500001169741154        11.000245337061401     
   7.9000001177191734        11.030547691971371     
   7.9500001184642315        11.060766802355436     
   8.0000001192092896        11.090903351136973     
   8.0500001199543476        11.120958011947467     
   8.1000001206994057        11.150931449302620     
   8.1500001214444637        11.180824318774187     
   8.2000001221895218        11.210637267157669     
   8.2500001229345798        11.240370932635983     
   8.3000001236796379        11.270025944939231     
   8.3500001244246960        11.299602925500670     
   8.4000001251697540        11.329102487609010     
   8.4500001259148121        11.358525236557124     
   8.5000001266598701        11.387871769787298     
   8.5500001274049282        11.417142677033087     
   8.6000001281499863        11.446338540457912     
   8.6500001288950443        11.475459934790448     
   8.7000001296401024        11.504507427456936     
   8.7500001303851604        11.533481578710456     
   8.8000001311302185        11.562382941757299     
   8.8500001318752766        11.591212062880468     
   8.9000001326203346        11.619969481560421     
   8.9500001333653927        11.648655730593118     
   9.0000001341104507        11.677271336205441     
   9.0500001348555088        11.705816818168071     
   9.1000001356005669        11.734292689905875     
   9.1500001363456249        11.762699458605885     
   9.2000001370906830        11.791037625322923     
   9.2500001378357410        11.819307685082931     
   9.3000001385807991        11.847510126984083     
   9.3500001393258572        11.875645434295716     
   9.4000001400709152        11.903714084555158     
   9.4500001408159733        11.931716549662488     
   9.5000001415610313        11.959653295973295     
   9.5500001423060894        11.987524784389487     
   9.6000001430511475        12.015331470448185     
   9.6500001437962055        12.043073804408778     
   9.7000001445412636        12.070752231338151     
   9.7500001452863216        12.098367191194173     
   9.8000001460313797        12.125919118907444     
   9.8500001467764378        12.153408444461384     
   9.9000001475214958        12.180835592970681     
   9.9500001482665539        12.208200984758149     
   10.000000149011612        12.235505035430034     
   10.050000149756670        12.262748155949797     
   10.100000150501728        12.289930752710431     
   10.150000151246786        12.317053227605326     
   10.200000151991844        12.344115978097733     
   10.250000152736902        12.371119397288854     
   10.300000153481960        12.398063873984588     
   10.350000154227018        12.424949792760973     
   10.400000154972076        12.451777534028354     
   10.450000155717134        12.478547474094297     
   10.500000156462193        12.505259985225292     
   10.550000157207251        12.531915435707267     
   10.600000157952309        12.558514189904939     
   10.650000158697367        12.585056608320036     
   10.700000159442425        12.611543047648407     
   10.750000160187483        12.637973860836055     
   10.800000160932541        12.664349397134114     
   10.850000161677599        12.690670002152784     
   10.900000162422657        12.716936017914271     
   10.950000163167715        12.743147782904739     
   11.000000163912773        12.769305632125286     
   11.050000164657831        12.795409897141997     
   11.100000165402889        12.821460906135062     
   11.150000166147947        12.847458983946998     
   11.200000166893005        12.873404452129998     
   11.250000167638063        12.899297628992413     
   11.300000168383121        12.925138829644391     
   11.350000169128180        12.950928366042707     
   11.400000169873238        12.976666547034764     
   11.450000170618296        13.002353678401837     
   11.500000171363354        13.027990062901521     
   11.550000172108412        13.053576000309441     
   11.600000172853470        13.079111787460217     
   11.650000173598528        13.104597718287719     
   11.700000174343586        13.130034083864604     
   11.750000175088644        13.155421172441169     
   11.800000175833702        13.180759269483525     
   11.850000176578760        13.206048657711117     
   11.900000177323818        13.231289617133582     
   11.950000178068876        13.256482425086991     
   12.000000178813934        13.281627356269459     
   12.050000179558992        13.306724682776142     
   12.100000180304050        13.331774674133658     
   12.150000181049109        13.356777597333908     
   12.200000181794167        13.381733716867329     
   12.250000182539225        13.406643294755598     
   12.300000183284283        13.431506590583778     
   12.350000184029341        13.456323861531928     
   12.400000184774399        13.481095362406197     
   12.450000185519457        13.505821345669393     
   12.500000186264515        13.530502061471047     
   12.550000187009573        13.555137757676997     
   12.600000187754631        13.579728679898469     
   12.650000188499689        13.604275071520696     
   12.700000189244747        13.628777173731066     
   12.750000189989805        13.653235225546814     
   12.800000190734863        13.677649463842268     
   12.850000191479921        13.702020123375661     
   12.900000192224979        13.726347436815503     
   12.950000192970037        13.750631634766544     
   13.000000193715096        13.774872945795311     
   13.050000194460154        13.799071596455253     
   13.100000195205212        13.823227811311476     
   13.150000195950270        13.847341812965100     
   13.200000196695328        13.871413822077223     
   13.250000197440386        13.895444057392520     
   13.300000198185444        13.919432735762468     
   13.350000198930502        13.943380072168209     
   13.400000199675560        13.967286279743066     
   13.450000200420618        13.991151569794708     
   13.500000201165676        14.014976151826970     
   13.550000201910734        14.038760233561346     
   13.600000202655792        14.062504020958150     
   13.650000203400850        14.086207718237354     
   13.700000204145908        14.109871527899115     
   13.750000204890966        14.133495650743983     
   13.800000205636024        14.157080285892814     
   13.850000206381083        14.180625630806380     
   13.900000207126141        14.204131881304683     
   13.950000207871199        14.227599231585986     
   14.000000208616257        14.251027874245555     
   14.050000209361315        14.274418000294132     
   14.100000210106373        14.297769799176127     
   14.150000210851431        14.321083458787543     
   14.200000211596489        14.344359165493648     
   14.250000212341547        14.367597104146373     
   14.300000213086605        14.390797458101467     
   14.350000213831663        14.413960409235404     
   14.400000214576721        14.437086137962035     
   14.450000215321779        14.460174823249012     
   14.500000216066837        14.483226642633966     
   14.550000216811895        14.506241772240456     
   14.600000217556953        14.529220386793693     
   14.650000218302011        14.552162659636037     
   14.700000219047070        14.575068762742276     
   14.750000219792128        14.597938866734683     
   14.800000220537186        14.620773140897866     
   14.850000221282244        14.643571753193406     
   14.900000222027302        14.666334870274298     
   14.950000222772360        14.689062657499175     
   15.000000223517418        14.711755278946345     
   15.050000224262476        14.734412897427630     
   15.100000225007534        14.757035674502010     
   15.150000225752592        14.779623770489088     
   15.200000226497650        14.802177344482356     
   15.250000227242708        14.824696554362289     
   15.300000227987766        14.847181556809256     
   15.350000228732824        14.869632507316258     
   15.400000229477882        14.892049560201484     
   15.450000230222940        14.914432868620709     
   15.500000230967999        14.936782584579518     
   15.550000231713057        14.959098858945358     
   15.600000232458115        14.981381841459447     
   15.650000233203173        15.003631680748498     
   15.700000233948231        15.025848524336313     
   15.750000234693289        15.048032518655203     
   15.800000235438347        15.070183809057264     
   15.850000236183405        15.092302539825502     
   15.900000236928463        15.114388854184812     
   15.950000237673521        15.136442894312811     
   16.000000238418579        15.158464801350537     
   16.050000239163637        15.180454715412987     
   16.100000239908695        15.202412775599546     
   16.150000240653753        15.224339120004258     
   16.200000241398811        15.246233885725969     
   16.250000242143869        15.268097208878348     
   16.300000242888927        15.289929224599767     
   16.350000243633986        15.311730067063060     
   16.400000244379044        15.333499869485154     
   16.450000245124102        15.355238764136580     
   16.500000245869160        15.376946882350861     
   16.550000246614218        15.398624354533780     
   16.600000247359276        15.420271310172531     
   16.650000248104334        15.441887877844755     
   16.700000248849392        15.463474185227458     
   16.750000249594450        15.485030359105824     
   16.800000250339508        15.506556525381912     
   16.850000251084566        15.528052809083245     
   16.900000251829624        15.549519334371297     
   16.950000252574682        15.570956224549862     
   17.000000253319740        15.592363602073334     
   17.050000254064798        15.613741588554875     
   17.100000254809856        15.635090304774485     
   17.150000255554914        15.656409870686975     
   17.200000256299973        15.677700405429839     
   17.250000257045031        15.698962027331030     
   17.300000257790089        15.720194853916640     
   17.350000258535147        15.741399001918492     
   17.400000259280205        15.762574587281632     
   17.450000260025263        15.783721725171741     
   17.500000260770321        15.804840529982446     
   17.550000261515379        15.825931115342547     
   17.600000262260437        15.846993594123163     
   17.650000263005495        15.868028078444782     
   17.700000263750553        15.889034679684238     
   17.750000264495611        15.910013508481597     
   17.800000265240669        15.930964674746962     
   17.850000265985727        15.951888287667199     
   17.900000266730785        15.972784455712588     
   17.950000267475843        15.993653286643388     
   18.000000268220901        16.014494887516328     
   18.050000268965960        16.035309364691017     
   18.100000269711018        16.056096823836292     
   18.150000270456076        16.076857369936484     
   18.200000271201134        16.097591107297600     
   18.250000271946192        16.118298139553456     
   18.300000272691250        16.138978569671721     
   18.350000273436308        16.159632499959898     
   18.400000274181366        16.180260032071239     
   18.450000274926424        16.200861267010584     
   18.500000275671482        16.221436305140141     
   18.550000276416540        16.241985246185195     
   18.600000277161598        16.262508189239750     
   18.650000277906656        16.283005232772119     
   18.700000278651714        16.303476474630440     
   18.750000279396772        16.323922012048122     
   18.800000280141830        16.344341941649255     
   18.850000280886889        16.364736359453925     
   18.900000281631947        16.385105360883504     
   18.950000282377005        16.405449040765852     
   19.000000283122063        16.425767493340487     
   19.050000283867121        16.446060812263667     
   19.100000284612179        16.466329090613449     
   19.150000285357237        16.486572420894660     
   19.200000286102295        16.506790895043835     
   19.250000286847353        16.526984604434102     
   19.300000287592411        16.547153639879983     
   19.350000288337469        16.567298091642190     
   19.400000289082527        16.587418049432323     
   19.450000289827585        16.607513602417544     
   19.500000290572643        16.627584839225193     
   19.550000291317701        16.647631847947352     
   19.600000292062759        16.667654716145357     
   19.650000292807817        16.687653530854273     
   19.700000293552876        16.707628378587305     
   19.750000294297934        16.727579345340168     
   19.800000295042992        16.747506516595418     
   19.850000295788050        16.767409977326725     
   19.900000296533108        16.787289812003110     
   19.950000297278166        16.807146104593116     
   20.000000298023224        16.826978938568974     
   20.050000298768282        16.846788396910682     
   20.100000299513340        16.866574562110070     
   20.150000300258398        16.886337516174805     
   20.200000301003456        16.906077340632365     
   20.250000301748514        16.925794116533964     
   20.300000302493572        16.945487924458448     
   20.350000303238630        16.965158844516125     
   20.400000303983688        16.984806956352585     
   20.450000304728746        17.004432339152459     
   20.500000305473804        17.024035071643144     
   20.550000306218863        17.043615232098499     
   20.600000306963921        17.063172898342490     
   20.650000307708979        17.082708147752800     
   20.700000308454037        17.102221057264412     
   20.750000309199095        17.121711703373141     
   20.800000309944153        17.141180162139136     
   20.850000310689211        17.160626509190354     
   20.900000311434269        17.180050819725981     
   20.950000312179327        17.199453168519831     
   21.000000312924385        17.218833629923715     
   21.050000313669443        17.238192277870759     
   21.100000314414501        17.257529185878699     
   21.150000315159559        17.276844427053152     
   21.200000315904617        17.296138074090827     
   21.250000316649675        17.315410199282734     
   21.300000317394733        17.334660874517340     
   21.350000318139791        17.353890171283705     
   21.400000318884850        17.373098160674576     
   21.450000319629908        17.392284913389467     
   21.500000320374966        17.411450499737686     
   21.550000321120024        17.430594989641349     
   21.600000321865082        17.449718452638365     
   21.650000322610140        17.468820957885377     
   21.700000323355198        17.487902574160682     
   21.750000324100256        17.506963369867133     
   21.800000324845314        17.526003413034992     
   21.850000325590372        17.545022771324771     
   21.900000326335430        17.564021512030038     
   21.950000327080488        17.582999702080198     
   22.000000327825546        17.601957408043244     
   22.050000328570604        17.620894696128492     
   22.100000329315662        17.639811632189272     
   22.150000330060720        17.658708281725602     
   22.200000330805779        17.677584709886847     
   22.250000331550837        17.696440981474332     
   22.300000332295895        17.715277160943941     
   22.350000333040953        17.734093312408692     
   22.400000333786011        17.752889499641288     
   22.450000334531069        17.771665786076639     
   22.500000335276127        17.790422234814358     
   22.550000336021185        17.809158908621239     
   22.600000336766243        17.827875869933713     
   22.650000337511301        17.846573180860279     
   22.700000338256359        17.865250903183906     
   22.750000339001417        17.883909098364416     
   22.800000339746475        17.902547827540850     
   22.850000340491533        17.921167151533808     
   22.900000341236591        17.939767130847759     
   22.950000341981649        17.958347825673346     
   23.000000342726707        17.976909295889659     
   23.050000343471766        17.995451601066478     
   23.100000344216824        18.013974800466521     
   23.150000344961882        18.032478953047647     
   23.200000345706940        18.050964117465046     
   23.250000346451998        18.069430352073418     
   23.300000347197056        18.087877714929110     
   23.350000347942114        18.106306263792266     
   23.400000348687172        18.124716056128925     
   23.450000349432230        18.143107149113121     
   23.500000350177288        18.161479599628944     
   23.550000350922346        18.179833464272615     
   23.600000351667404        18.198168799354505     
   23.650000352412462        18.216485660901157     
   23.700000353157520        18.234784104657290     
   23.750000353902578        18.253064186087773     
   23.800000354647636        18.271325960379592     
   23.850000355392694        18.289569482443792     
   23.900000356137753        18.307794806917414     
   23.950000356882811        18.326001988165395     
   24.000000357627869        18.344191080282467     
   24.050000358372927        18.362362137095033     
   24.100000359117985        18.380515212163029     
   24.150000359863043        18.398650358781762     
   24.200000360608101        18.416767629983738     
   24.250000361353159        18.434867078540481     
   24.300000362098217        18.452948756964322     
   24.350000362843275        18.471012717510170     
   24.400000363588333        18.489059012177293     
   24.450000364333391        18.507087692711053     
   24.500000365078449        18.525098810604643     
   24.550000365823507        18.543092417100798     
   24.600000366568565        18.561068563193505     
   24.650000367313623        18.579027299629693     
   24.700000368058681        18.596968676910894     
   24.750000368803740        18.614892745294913     
   24.800000369548798        18.632799554797462     
   24.850000370293856        18.650689155193799     
   24.900000371038914        18.668561596020339     
   24.950000371783972        18.686416926576253     
   25.000000372529030        18.704255195925061     
