   3.5355275593115840E-002   1.0855402372100222E-002
   7.0710551186231679E-002  -2.7891964627936323E-003
  0.10606582677934752       -4.0933796504681562E-002
  0.14142110237246336      -0.10357839775356356     
  0.17677637796557921      -0.19072300020943966     
  0.21213165355869507      -0.30236760387230982     
  0.24748692915181092      -0.43851220874217406     
  0.28284220474492677      -0.59915681481903238     
  0.31819748033804263      -0.78430142210288478     
  0.35355275593115848      -0.99394603059373132     
  0.38890803152427433       -1.2280906402915719     
  0.42426330711739019       -1.4867352511964065     
  0.45961858271050604       -1.7698798633082351     
  0.49497385830362189       -2.0775244766270577     
  0.53032913389673775       -2.4096690911528746     
  0.56568440948985355       -2.7663137068856853     
  0.60103968508296934       -3.1474583238254903     
  0.63639496067608514       -3.5531029419722895     
  0.67175023626920094       -3.9832475613260825     
  0.70710551186231674       -4.4378921818868697     
  0.74246078745543254       -4.9170368036546508     
  0.77781606304854833       -5.4206814266294261     
  0.81317133864166413       -5.9488260508111956     
  0.84852661423477993       -6.5014706761999594     
  0.88388188982789573       -7.0786153027957166     
  0.91923716542101153       -7.6802599305984680     
  0.95459244101412732       -8.3064045596082146     
  0.98994771660724312       -8.9570491898249536     
   1.0253029922003589       -9.6321938212486877     
   1.0606582677934748       -10.331838453879415     
   1.0960135433865907       -11.055983087717138     
   1.1313688189797066       -11.804627722761854     
   1.1667240945728226       -12.577772359013565     
   1.2020793701659385       -13.375416996472270     
   1.2374346457590544       -14.197561635137967     
   1.2727899213521703       -15.044206275010660     
   1.3081451969452862       -15.915350916090347     
   1.3435004725384021       -16.810995558377027     
   1.3788557481315180       -17.731140201870701     
   1.4142110237246339       -18.675784846571371     
   1.4495662993177498       -19.644929492479033     
   1.4849215749108657       -20.638574139593690     
   1.5202768505039816       -21.656718787915342     
   1.5556321260970976       -22.699363437443985     
   1.5909874016902135       -23.766508088179624     
   1.6263426772833294       -24.858152740122257     
   1.6616979528764453       -25.974297393271886     
   1.6970532284695612       -27.114942047628507     
   1.7324085040626771       -28.280086703192122     
   1.7677637796557930       -29.469731359962733     
   1.8031190552489089       -30.683876017940335     
   1.8384743308420248       -31.922520677124933     
   1.8738296064351407       -33.185665337516525     
   1.9091848820282566       -34.473309999115109     
   1.9445401576213726       -35.785454661920689     
   1.9798954332144885       -37.122099325933263     
   2.0152507088076042       -38.483243991152833     
   2.0506059844007201       -39.868888657579397     
   2.0859612599938360       -41.279033325212950     
   2.1213165355869519       -42.713677994053498     
   2.1566718111800678       -44.172822664101041     
   2.1920270867731837       -45.656467335355579     
   2.2273823623662996       -47.164612007817112     
   2.2627376379594155       -48.697256681485641     
   2.2980929135525314       -50.254401356361164     
   2.3334481891456473       -51.836046032443676     
   2.3688034647387632       -53.442190709733183     
   2.4041587403318792       -55.072835388229684     
   2.4395140159249951       -56.727980067933181     
   2.4748692915181110       -58.407624748843674     
   2.5102245671112269       -60.111769430961161     
   2.5455798427043428       -61.840414114285636     
   2.5809351182974587       -63.593558798817106     
   2.6162903938905746       -65.371203484555579     
   2.6516456694836905       -67.173348171501033     
   2.6870009450768064       -68.999992859653489     
   2.7223562206699223       -70.851137549012932     
   2.7577114962630382       -72.726782239579379     
   2.7930667718561542       -74.626926931352813     
   2.8284220474492701       -76.551571624333235     
   2.8637773230423860       -78.500716318520659     
   2.8991325986355019       -80.474361013915072     
   2.9344878742286178       -82.472505710516486     
   2.9698431498217337       -84.495150408324889     
   3.0051984254148496       -86.542295107340294     
   3.0405537010079655       -88.613939807562687     
   3.0759089766010814       -90.710084508992068     
   3.1112642521941973       -92.830729211628451     
   3.1466195277873132       -94.975873915471823     
   3.1819748033804292       -97.145518620522196     
   3.2173300789735451       -99.339663326779558     
   3.2526853545666610       -101.55830803424391     
   3.2880406301597769       -103.80145274291526     
   3.3233959057528928       -106.06909745279360     
   3.3587511813460087       -108.36124216387894     
   3.3941064569391246       -110.67788687617127     
   3.4294617325322405       -113.01903158967060     
   3.4648170081253564       -115.38467630437692     
   3.5001722837184723       -117.77482102029023     
   3.5355275593115882       -120.18946573741054     
   3.5708828349047042       -122.62861045573784     
   3.6062381104978201       -125.09225517527214     
   3.6415933860909360       -127.58039989601343     
   3.6769486616840519       -130.09304461796171     
   3.7123039372771678       -132.63018934111699     
   3.7476592128702837       -135.19183406547927     
   3.7830144884633996       -137.77797879104853     
   3.8183697640565155       -140.38862351782478     
   3.8537250396496314       -143.02376824580804     
   3.8890803152427473       -145.68341297499828     
   3.9244355908358632       -148.36755770539551     
   3.9597908664289792       -151.07620243699975     
   3.9951461420220951       -153.80934716981099     
   4.0305014176152110       -156.56699190382921     
   4.0658566932083264       -159.34913663905442     
   4.1012119688014419       -162.15578137548664     
   4.1365672443945574       -164.98692611312583     
   4.1719225199876728       -167.84257085197203     
   4.2072777955807883       -170.72271559202522     
   4.2426330711739038       -173.62736033328542     
   4.2779883467670192       -176.55650507575260     
   4.3133436223601347       -179.51014981942677     
   4.3486988979532502       -182.48829456430795     
   4.3840541735463656       -185.49093931039610     
   4.4194094491394811       -188.51808405769125     
   4.4547647247325965       -191.56972880619341     
   4.4901200003257120       -194.64587355590254     
   4.5254752759188275       -197.74651830681867     
   4.5608305515119429       -200.87166305894181     
   4.5961858271050584       -204.02130781227194     
   4.6315411026981739       -207.19545256680905     
   4.6668963782912893       -210.39409732255316     
   4.7022516538844048       -213.61724207950428     
   4.7376069294775203       -216.86488683766237     
   4.7729622050706357       -220.13703159702746     
   4.8083174806637512       -223.43367635759955     
   4.8436727562568667       -226.75482111937865     
   4.8790280318499821       -230.10046588236472     
   4.9143833074430976       -233.47061064655779     
   4.9497385830362131       -236.86525541195786     
   4.9850938586293285       -240.28440017856491     
   5.0204491342224440       -243.72804494637896     
   5.0558044098155595       -247.19618971540001     
   5.0911596854086749       -250.68883448562804     
   5.1265149610017904       -254.20597925706306     
   5.1618702365949058       -257.74762402970509     
   5.1972255121880213       -261.31376880355413     
   5.2325807877811368       -264.90441357861016     
   5.2679360633742522       -268.51955835487320     
   5.3032913389673677       -272.15920313234318     
   5.3386466145604832       -275.82334791102016     
   5.3740018901535986       -279.51199269090415     
   5.4093571657467141       -283.22513747199514     
   5.4447124413398296       -286.96278225429313     
   5.4800677169329450       -290.72492703779812     
   5.5154229925260605       -294.51157182251006     
   5.5507782681191760       -298.32271660842900     
   5.5861335437122914       -302.15836139555495     
   5.6214888193054069       -306.01850618388789     
   5.6568440948985224       -309.90315097342784     
   5.6921993704916378       -313.81229576417479     
   5.7275546460847533       -317.74594055612874     
   5.7629099216778688       -321.70408534928964     
   5.7982651972709842       -325.68673014365754     
   5.8336204728640997       -329.69387493923244     
   5.8689757484572151       -333.72551973601435     
   5.9043310240503306       -337.78166453400326     
   5.9396862996434461       -341.86230933319916     
   5.9750415752365615       -345.96745413360208     
   6.0103968508296770       -350.09709893521193     
   6.0457521264227925       -354.25124373802879     
   6.0811074020159079       -358.42988854205265     
   6.1164626776090234       -362.63303334728352     
   6.1518179532021389       -366.86067815372138     
   6.1871732287952543       -371.11282296136625     
   6.2225285043883698       -375.38946777021812     
   6.2578837799814853       -379.69061258027693     
   6.2932390555746007       -384.01625739154275     
   6.3285943311677162       -388.36640220401557     
   6.3639496067608317       -392.74104701769539     
   6.3993048823539471       -397.14019183258222     
   6.4346601579470626       -401.56383664867604     
   6.4700154335401781       -406.01198146597687     
   6.5053707091332935       -410.48462628448465     
   6.5407259847264090       -414.98177110419942     
   6.5760812603195244       -419.50341592512120     
   6.6114365359126399       -424.04956074724998     
   6.6467918115057554       -428.62020557058577     
   6.6821470870988708       -433.21535039512855     
   6.7175023626919863       -437.83499522087828     
   6.7528576382851018       -442.47914004783502     
   6.7882129138782172       -447.14778487599875     
   6.8235681894713327       -451.84092970536949     
   6.8589234650644482       -456.55857453594723     
   6.8942787406575636       -461.30071936773197     
   6.9296340162506791       -466.06736420072372     
   6.9649892918437946       -470.85850903492241     
   7.0003445674369100       -475.67415387032810     
   7.0356998430300255       -480.51429870694079     
   7.0710551186231410       -485.37894354476049     
   7.1064103942162564       -490.26808838378719     
   7.1417656698093719       -495.18173322402089     
   7.1771209454024874       -500.11987806546159     
   7.2124762209956028       -505.08252290810924     
   7.2478314965887183       -510.06966775196389     
   7.2831867721818337       -515.08131259702554     
   7.3185420477749492       -520.11745744329414     
   7.3538973233680647       -525.17810229076974     
   7.3892525989611801       -530.26324713945235     
   7.4246078745542956       -535.37289198934195     
   7.4599631501474111       -540.50703684043856     
   7.4953184257405265       -545.66568169274217     
   7.5306737013336420       -550.84882654625278     
   7.5660289769267575       -556.05647140097039     
   7.6013842525198729       -561.28861625689501     
   7.6367395281129884       -566.54526111402663     
   7.6720948037061039       -571.82640597236525     
   7.7074500792992193       -577.13205083191087     
   7.7428053548923348       -582.46219569266350     
   7.7781606304854503       -587.81684055462313     
   7.8135159060785657       -593.19598541778964     
   7.8488711816716812       -598.59963028216316     
   7.8842264572647967       -604.02777514774368     
   7.9195817328579121       -609.48042001453121     
   7.9549370084510276       -614.95756488252573     
   7.9902922840441430       -620.45920975172726     
   8.0256475596372585       -625.98535462213579     
   8.0610028352303740       -631.53599949375132     
   8.0963581108234894       -637.11114436657385     
   8.1317133864166049       -642.71078924060339     
   8.1670686620097204       -648.33493411583993     
   8.2024239376028358       -653.98357899228347     
   8.2377792131959513       -659.65672386993401     
   8.2731344887890668       -665.35436874879156     
   8.3084897643821822       -671.07651362885599     
   8.3438450399752977       -676.82315851012743     
   8.3792003155684132       -682.59430339260587     
   8.4145555911615286       -688.38994827629131     
   8.4499108667546441       -694.21009316118375     
   8.4852661423477596       -700.05473804728319     
   8.5206214179408750       -705.92388293458964     
   8.5559766935339905       -711.81752782310309     
   8.5913319691271059       -717.73567271282354     
   8.6266872447202214       -723.67831760375100     
   8.6620425203133369       -729.64546249588545     
   8.6973977959064523       -735.63710738922691     
   8.7327530714995678       -741.65325228377537     
   8.7681083470926833       -747.69389717953072     
   8.8034636226857987       -753.75904207649307     
   8.8388188982789142       -759.84868697466243     
   8.8741741738720297       -765.96283187403878     
   8.9095294494651451       -772.10147677462214     
   8.9448847250582606       -778.26462167641250     
   8.9802400006513761       -784.45226657940987     
   9.0155952762444915       -790.66441148361423     
   9.0509505518376070       -796.90105638902560     
   9.0863058274307225       -803.16220129564397     
   9.1216611030238379       -809.44784620346934     
   9.1570163786169534       -815.75799111250171     
   9.1923716542100689       -822.09263602274109     
   9.2277269298031843       -828.45178093418747     
   9.2630822053962998       -834.83542584684074     
   9.2984374809894152       -841.24357076070100     
   9.3337927565825307       -847.67621567576828     
   9.3691480321756462       -854.13336059204255     
   9.4045033077687616       -860.61500550952383     
   9.4398585833618771       -867.12115042821210     
   9.4752138589549926       -873.65179534810738     
   9.5105691345481080       -880.20694026920967     
   9.5459244101412235       -886.78658519151895     
   9.5812796857343390       -893.39073011503524     
   9.6166349613274544       -900.01937503975853     
   9.6519902369205699       -906.67251996568882     
   9.6873455125136854       -913.35016489282611     
   9.7227007881068008       -920.05230982117041     
   9.7580560636999163       -926.77895475072160     
   9.7934113392930318       -933.53009968147978     
   9.8287666148861472       -940.30574461344497     
   9.8641218904792627       -947.10588954661716     
   9.8994771660723782       -953.93053448099636     
   9.9348324416654936       -960.77967941658255     
   9.9701877172586091       -967.65332435337575     
   10.005542992851725       -974.55146929137595     
   10.040898268444840       -981.47411423058315     
   10.076253544037955       -988.42125917099736     
   10.111608819631071       -995.39290411261857     
   10.146964095224186       -1002.3890490554468     
   10.182319370817302       -1009.4096939994820     
   10.217674646410417       -1016.4548389447241     
   10.253029922003533       -1023.5244838911732     
   10.288385197596648       -1030.6186288388294     
   10.323740473189764       -1037.7372737876926     
   10.359095748782879       -1044.8804187377627     
   10.394451024375995       -1052.0480636890400     
   10.429806299969110       -1059.2402086415241     
   10.465161575562226       -1066.4568535952151     
   10.500516851155341       -1073.6979985501132     
   10.535872126748457       -1080.9636435062182     
   10.571227402341572       -1088.2537884635303     
   10.606582677934687       -1095.5684334220493     
   10.641937953527803       -1102.9075783817755     
   10.677293229120918       -1110.2712233427085     
   10.712648504714034       -1117.6593683048486     
   10.748003780307149       -1125.0720132681956     
   10.783359055900265       -1132.5091582327498     
   10.818714331493380       -1139.9708031985108     
   10.854069607086496       -1147.4569481654789     
   10.889424882679611       -1154.9675931336540     
   10.924780158272727       -1162.5027381030361     
   10.960135433865842       -1170.0623830736251     
   10.995490709458958       -1177.6465280454211     
   11.030845985052073       -1185.2551730184241     
   11.066201260645188       -1192.8883179926340     
   11.101556536238304       -1200.5459629680511     
   11.136911811831419       -1208.2281079446750     
   11.172267087424535       -1215.9347529225060     
   11.207622363017650       -1223.6658979015440     
   11.242977638610766       -1231.4215428817890     
   11.278332914203881       -1239.2016878632410     
   11.313688189796997       -1247.0063328459000     
   11.349043465390112       -1254.8354778297660     
   11.384398740983228       -1262.6891228148390     
   11.419754016576343       -1270.5672678011190     
   11.455109292169459       -1278.4699127886058     
   11.490464567762574       -1286.3970577772998     
   11.525819843355690       -1294.3487027672006     
   11.561175118948805       -1302.3248477583086     
   11.596530394541920       -1310.3254927506234     
   11.631885670135036       -1318.3506377441454     
   11.667240945728151       -1326.4002827388742     
   11.702596221321267       -1334.4744277348102     
   11.737951496914382       -1342.5730727319531     
   11.773306772507498       -1350.6962177303030     
   11.808662048100613       -1358.8438627298599     
   11.844017323693729       -1367.0160077306239     
   11.879372599286844       -1375.2126527325947     
   11.914727874879960       -1383.4337977357725     
   11.950083150473075       -1391.6794427401574     
   11.985438426066191       -1399.9495877457491     
   12.020793701659306       -1408.2442327525480     
   12.056148977252422       -1416.5633777605537     
   12.091504252845537       -1424.9070227697666     
   12.126859528438652       -1433.2751677801864     
   12.162214804031768       -1441.6678127918133     
   12.197570079624883       -1450.0849578046470     
   12.232925355217999       -1458.5266028186879     
   12.268280630811114       -1466.9927478339357     
   12.303635906404230       -1475.4833928503906     
   12.338991181997345       -1483.9985378680524     
   12.374346457590461       -1492.5381828869213     
   12.409701733183576       -1501.1023279069971     
   12.445057008776692       -1509.6909729282797     
   12.480412284369807       -1518.3041179507695     
   12.515767559962923       -1526.9417629744662     
   12.551122835556038       -1535.6039079993700     
   12.586478111149153       -1544.2905530254807     
   12.621833386742269       -1553.0016980527985     
   12.657188662335384       -1561.7373430813232     
   12.692543937928500       -1570.4974881110550     
   12.727899213521615       -1579.2821331419937     
   12.763254489114731       -1588.0912781741395     
   12.798609764707846       -1596.9249232074922     
   12.833965040300962       -1605.7830682420520     
   12.869320315894077       -1614.6657132778187     
   12.904675591487193       -1623.5728583147923     
   12.940030867080308       -1632.5045033529730     
   12.975386142673424       -1641.4606483923606     
   13.010741418266539       -1650.4412934329553     
   13.046096693859655       -1659.4464384747569     
   13.081451969452770       -1668.4760835177656     
   13.116807245045885       -1677.5302285619812     
   13.152162520639001       -1686.6088736074039     
   13.187517796232116       -1695.7120186540335     
   13.222873071825232       -1704.8396637018702     
   13.258228347418347       -1713.9918087509138     
   13.293583623011463       -1723.1684538011646     
   13.328938898604578       -1732.3695988526222     
   13.364294174197694       -1741.5952439052867     
   13.399649449790809       -1750.8453889591583     
   13.435004725383925       -1760.1200340142368     
   13.470360000977040       -1769.4191790705224     
   13.505715276570156       -1778.7428241280149     
   13.541070552163271       -1788.0909691867146     
   13.576425827756387       -1797.4636142466211     
   13.611781103349502       -1806.8607593077347     
   13.647136378942617       -1816.2824043700552     
   13.682491654535733       -1825.7285494335829     
   13.717846930128848       -1835.1991944983174     
   13.753202205721964       -1844.6943395642591     
   13.788557481315079       -1854.2139846314076     
   13.823912756908195       -1863.7581296997630     
   13.859268032501310       -1873.3267747693255     
   13.894623308094426       -1882.9199198400950     
   13.929978583687541       -1892.5375649120715     
   13.965333859280657       -1902.1797099852549     
   14.000689134873772       -1911.8463550596455     
   14.036044410466888       -1921.5375001352429     
   14.071399686060003       -1931.2531452120475     
   14.106754961653118       -1940.9932902900589     
   14.142110237246234       -1950.7579353692774     
   14.177465512839349       -1960.5470804497029     
   14.212820788432465       -1970.3607255313354     
   14.248176064025580       -1980.1988706141749     
   14.283531339618696       -1990.0615156982215     
   14.318886615211811       -1999.9486607834749     
   14.354241890804927       -2009.8603058699352     
   14.389597166398042       -2019.7964509576027     
   14.424952441991158       -2029.7570960464770     
   14.460307717584273       -2039.7422411365585     
   14.495662993177389       -2049.7518862278471     
   14.531018268770504       -2059.7860313203423     
   14.566373544363620       -2069.8446764140449     
   14.601728819956735       -2079.9278215089544     
   14.637084095549850       -2090.0354666050707     
   14.672439371142966       -2100.1676117023940     
   14.707794646736081       -2110.3242568009246     
   14.743149922329197       -2120.5054019006620     
   14.778505197922312       -2130.7110470016064     
   14.813860473515428       -2140.9411921037577     
   14.849215749108543       -2151.1958372071158     
   14.884571024701659       -2161.4749823116813     
   14.919926300294774       -2171.7786274174537     
   14.955281575887890       -2182.1067725244329     
   14.990636851481005       -2192.4594176326191     
   15.025992127074121       -2202.8365627420126     
   15.061347402667236       -2213.2382078526130     
   15.096702678260352       -2223.6643529644202     
   15.132057953853467       -2234.1149980774344     
   15.167413229446582       -2244.5901431916559     
   15.202768505039698       -2255.0897883070843     
   15.238123780632813       -2265.6139334237196     
   15.273479056225929       -2276.1625785415617     
   15.308834331819044       -2286.7357236606108     
   15.344189607412160       -2297.3333687808672     
   15.379544883005275       -2307.9555139023305     
   15.414900158598391       -2318.6021590250007     
   15.450255434191506       -2329.2733041488777     
   15.485610709784622       -2339.9689492739622     
   15.520965985377737       -2350.6890944002535     
   15.556321260970853       -2361.4337395277516     
   15.591676536563968       -2372.2028846564567     
   15.627031812157083       -2382.9965297863691     
   15.662387087750199       -2393.8146749174884     
   15.697742363343314       -2404.6573200498146     
   15.733097638936430       -2415.5244651833477     
   15.768452914529545       -2426.4161103180877     
   15.803808190122661       -2437.3322554540350     
   15.839163465715776       -2448.2729005911892     
   15.874518741308892       -2459.2380457295503     
   15.909874016902007       -2470.2276908691183     
   15.945229292495123       -2481.2418360098936     
   15.980584568088238       -2492.2804811518758     
   16.015939843681355       -2503.3436262950650     
   16.051295119274471       -2514.4312714394609     
   16.086650394867586       -2525.5434165850643     
   16.122005670460702       -2536.6800617318745     
   16.157360946053817       -2547.8412068798916     
   16.192716221646933       -2559.0268520291156     
   16.228071497240048       -2570.2369971795470     
   16.263426772833164       -2581.4716423311852     
   16.298782048426279       -2592.7307874840303     
   16.334137324019395       -2604.0144326380823     
   16.369492599612510       -2615.3225777933412     
   16.404847875205625       -2626.6552229498075     
   16.440203150798741       -2638.0123681074806     
   16.475558426391856       -2649.3940132663606     
   16.510913701984972       -2660.8001584264475     
   16.546268977578087       -2672.2308035877418     
   16.581624253171203       -2683.6859487502429     
   16.616979528764318       -2695.1655939139509     
   16.652334804357434       -2706.6697390788659     
   16.687690079950549       -2718.1983842449881     
   16.723045355543665       -2729.7515294123173     
   16.758400631136780       -2741.3291745808533     
   16.793755906729896       -2752.9313197505962     
   16.829111182323011       -2764.5579649215460     
   16.864466457916127       -2776.2091100937032     
   16.899821733509242       -2787.8847552670672     
   16.935177009102357       -2799.5849004416382     
   16.970532284695473       -2811.3095456174160     
   17.005887560288588       -2823.0586907944012     
   17.041242835881704       -2834.8323359725932     
   17.076598111474819       -2846.6304811519922     
   17.111953387067935       -2858.4531263325980     
   17.147308662661050       -2870.3002715144112     
   17.182663938254166       -2882.1719166974312     
   17.218019213847281       -2894.0680618816582     
   17.253374489440397       -2905.9887070670920     
   17.288729765033512       -2917.9338522537328     
   17.324085040626628       -2929.9034974415808     
   17.359440316219743       -2941.8976426306358     
   17.394795591812859       -2953.9162878208977     
   17.430150867405974       -2965.9594330123664     
   17.465506142999089       -2978.0270782050425     
   17.500861418592205       -2990.1192233989254     
   17.536216694185320       -3002.2358685940153     
   17.571571969778436       -3014.3770137903120     
   17.606927245371551       -3026.5426589878161     
   17.642282520964667       -3038.7328041865271     
   17.677637796557782       -3050.9474493864450     
