   3.3099999427795410        8.2056922853863661E-003  0.11193808976556691     
   3.3199999332427979        7.0863124552555095E-003  0.10616170242185043     
   3.3299999237060547        6.0246964434738952E-003  0.10065418566934245     
   3.3399999141693115        5.0181555466935878E-003   9.5402969960410491E-002
   3.3499999046325684        4.0641267569231044E-003   9.0396093865320659E-002
   3.3599998950958252        3.1601666803542281E-003   8.5622173325378845E-002
   3.3699998855590820        2.3039457636571158E-003   8.1070372535265126E-002
   3.3799998760223389        1.4932428114517856E-003   7.6730376364204142E-002
   3.3899998664855957        7.2593977956763645E-004   7.2592364230524717E-002
   3.3999998569488525        1.6829557122539923E-008   6.8646985349721953E-002
   3.4099998474121094       -6.8645236927142870E-004   6.4885335279837836E-002
   3.4199998378753662       -1.3353051032750293E-003   6.1298933693428766E-002
   3.4299998283386230       -1.9482938556171301E-003   5.7879703308542897E-002
   3.4399998188018799       -2.5270903367186942E-003   5.4619949915587607E-002
   3.4499998092651367       -3.0732893149781363E-003   5.1512343440319706E-002
   3.4599997997283936       -3.5884122581213442E-003   4.8549899986645280E-002
   3.4699997901916504       -4.0739107949798702E-003   4.5725964806127277E-002
   3.4799997806549072       -4.5311700069643607E-003   4.3034196144202008E-002
   3.4899997711181641       -4.9615115580003049E-003   4.0468549915666223E-002
   3.4999997615814209       -5.3661966712188003E-003   3.8023265165078375E-002
   3.5099997520446777       -5.7464289602514700E-003   3.5692850269780037E-002
   3.5199997425079346       -6.1033571225557245E-003   3.3472069845953953E-002
   3.5299997329711914       -6.4380775018007307E-003   3.1355932320189801E-002
   3.5399997234344482       -6.7516365259691555E-003   2.9339678131101339E-002
   3.5499997138977051       -7.0450330274751940E-003   2.7418768527651922E-002
   3.5599997043609619       -7.3192204512659599E-003   2.5588874932523421E-002
   3.5699996948242188       -7.5751089565566660E-003   2.3845868840761487E-002
   3.5799996852874756       -7.8135674175523542E-003   2.2185812225480286E-002
   3.5899996757507324       -8.0354253282267640E-003   2.0604948424008691E-002
   3.5999996662139893       -8.2414746159627499E-003   1.9099693479314162E-002
   3.6099996566772461       -8.4324713686070203E-003   1.7666627912902622E-002
   3.6199996471405029       -8.6091374792539536E-003   1.6302488906729074E-002
   3.6299996376037598       -8.7721622128485947E-003   1.5004162872816633E-002
   3.6399996280670166       -8.9222036984859133E-003   1.3768678390531355E-002
   3.6499996185302734       -9.0598903510828773E-003   1.2593199492441358E-002
   3.6599996089935303       -9.1858222259091817E-003   1.1475019280810246E-002
   3.6699995994567871       -9.3005723092829725E-003   1.0411553857694643E-002
   3.6799995899200439       -9.4046877485676039E-003   9.4003365525361718E-003
   3.6899995803833008       -9.4986910244443702E-003   8.4390124320199225E-003
   3.6999995708465576       -9.5830810682838753E-003   7.5253330777801993E-003
   3.7099995613098145       -9.6583343272945085E-003   6.6571516182912134E-003
   3.7199995517730713       -9.7249057799898755E-003   5.8324180020219536E-003
   3.7299995422363281       -9.7832299043878225E-003   5.0491744996216123E-003
   3.7399995326995850       -9.8337216012313582E-003   4.3055514235476027E-003
   3.7499995231628418       -9.8767770744058962E-003   3.5997630541492877E-003
   3.7599995136260986       -9.9127746706173733E-003   2.9301037618217865E-003
   3.7699995040893555       -9.9420756802919442E-003   2.2949443153683080E-003
   3.7799994945526123       -9.9650251015593327E-003   1.6927283672555173E-003
   3.7899994850158691       -9.9819523690887722E-003   1.1219691068931744E-003
   3.7999994754791260       -9.9931720494577728E-003   5.8124607357613227E-004
   3.8099994659423828       -9.9989845046503396E-003   6.9202121130131810E-005
   3.8199994564056396       -9.9996765252016780E-003  -4.1545947326454015E-004
   3.8299994468688965       -9.9955219344311629E-003  -8.7397776321721063E-004
   3.8399994373321533       -9.9867821651338923E-003  -1.3075367570144596E-003
   3.8499994277954102       -9.9737068100333899E-003  -1.7172679176659061E-003
   3.8599994182586670       -9.9565341472338739E-003  -2.1042525452086474E-003
   3.8699994087219238       -9.9354916418495035E-003  -2.4695240470506323E-003
   3.8799993991851807       -9.9107964249302138E-003  -2.8140701018287959E-003
   3.8899993896484375       -9.8826557507489896E-003  -3.1388347219937726E-003
   3.8999993801116943       -9.8512674334633125E-003  -3.4447202200556045E-003
   3.9099993705749512       -9.8168202641141684E-003  -3.7325890831731664E-003
   3.9199993610382080       -9.7794944088791802E-003  -4.0032657605491963E-003
   3.9299993515014648       -9.7394617894518056E-003  -4.2575383678339880E-003
   3.9399993419647217       -9.6968864463765157E-003  -4.4961603125709959E-003
   3.9499993324279785       -9.6519248861295318E-003  -4.7198518444740156E-003
   3.9599993228912354       -9.6047264126968065E-003  -4.9293015341587577E-003
   3.9699993133544922       -9.5554334443647016E-003  -5.1251676837720519E-003
   3.9799993038177490       -9.5041818164043890E-003  -5.3080796727657609E-003
   3.9899992942810059       -9.4511010702985239E-003  -5.4786392419281784E-003
   3.9999992847442627       -9.3963147301276174E-003  -5.6374217186153531E-003
   4.0099992752075195       -9.3399405667041070E-003  -5.7849788589130861E-003
   4.0199995040893555       -9.2820894540383940E-003  -5.9218362875868499E-003
   4.0299997329711914       -9.2228697357617639E-003  -6.0484950845077360E-003
   4.0399999618530273       -9.1623834005260269E-003  -6.1654361280462418E-003
   4.0500001907348633       -9.1007276280892242E-003  -6.2731192185757154E-003
   4.0600004196166992       -9.0379950001004232E-003  -6.3719840051600293E-003
   4.0700006484985352       -8.9742737016174252E-003  -6.4624508703658105E-003
   4.0800008773803711       -8.9096477137761473E-003  -6.5449217751306363E-003
   4.0900011062622070       -8.8441969980111289E-003  -6.6197810655908166E-003
   4.1000013351440430       -8.7779976722075770E-003  -6.6873962436178724E-003
   4.1100015640258789       -8.7111221791478684E-003  -6.7481187027803244E-003
   4.1200017929077148       -8.6436394475982673E-003  -6.8022844313144065E-003
   4.1300020217895508       -8.5756150463657740E-003  -6.8502146836659479E-003
   4.1400022506713867       -8.5071113316394012E-003  -6.8922166220265670E-003
   4.1500024795532227       -8.4381875879159414E-003  -6.9285839292855681E-003
   4.1600027084350586       -8.3689001627960755E-003  -6.9595973946897146E-003
   4.1700029373168945       -8.2993025959237493E-003  -6.9855254734856901E-003
   4.1800031661987305       -8.2294457423289970E-003  -7.0066248217378552E-003
   4.1900033950805664       -8.1593778904224656E-003  -7.0231408074521240E-003
   4.2000036239624023       -8.0891448748785823E-003  -7.0353079991097509E-003
   4.2100038528442383       -8.0187901846332735E-003  -7.0433506326204372E-003
   4.2200040817260742       -7.9483550662120452E-003  -7.0474830577038246E-003
   4.2300043106079102       -7.8778786225941460E-003  -7.0479101646199645E-003
   4.2400045394897461       -7.8073979078093284E-003  -7.0448277921444794E-003
   4.2500047683715820       -7.7369480174547646E-003  -7.0384231176495917E-003
   4.2600049972534180       -7.6665621753110634E-003  -7.0288750300888051E-003
   4.2700052261352539       -7.5962718162283539E-003  -7.0163544866693904E-003
   4.2800054550170898       -7.5261066654455635E-003  -7.0010248539403176E-003
   4.2900056838989258       -7.4560948144987383E-003  -6.9830422340025648E-003
   4.3000059127807617       -7.3862627938671857E-003  -6.9625557765110833E-003
   4.3100061416625977       -7.3166356424995260E-003  -6.9397079771032861E-003
   4.3200063705444336       -7.2472369743553904E-003  -6.9146349628678890E-003
   4.3300065994262695       -7.1780890420923664E-003  -6.8874667654245554E-003
   4.3400068283081055       -7.1092127980220826E-003  -6.8583275821795893E-003
   4.3500070571899414       -7.0406279524536782E-003  -6.8273360262753055E-003
   4.3600072860717773       -6.9723530295377209E-003  -6.7946053657383038E-003
   4.3700075149536133       -6.9044054207185873E-003  -6.7602437523144442E-003
   4.3800077438354492       -6.8368014358984415E-003  -6.7243544404330313E-003
   4.3900079727172852       -6.7695563524115213E-003  -6.6870359967525434E-003
   4.4000082015991211       -6.7026844619029200E-003  -6.6483825006947560E-003
   4.4100084304809570       -6.6361991152019796E-003  -6.6084837363659058E-003
   4.4200086593627930       -6.5701127652764302E-003  -6.5674253762518075E-003
   4.4300088882446289       -6.5044370083495347E-003  -6.5252891570391613E-003
   4.4400091171264648       -6.4391826232589808E-003  -6.4821530479124831E-003
   4.4500093460083008       -6.3743596091327655E-003  -6.4380914116615668E-003
   4.4600095748901367       -6.3099772214539676E-003  -6.3931751589031043E-003
   4.4700098037719727       -6.2460440065832687E-003  -6.3474718957333316E-003
   4.4800100326538086       -6.1825678348049144E-003  -6.3010460650802921E-003
   4.4900102615356445       -6.1195559319591197E-003  -6.2539590820445620E-003
   4.5000104904174805       -6.0570149097210375E-003  -6.2062694634851560E-003
   4.5100107192993164       -5.9949507945838369E-003  -6.1580329520956488E-003
   4.5200109481811523       -5.9333690556009925E-003  -6.1093026352219441E-003
   4.5300111770629883       -5.8722746309403696E-003  -6.0601290586303870E-003
   4.5400114059448242       -5.8116719533006008E-003  -6.0105603354683639E-003
   4.5500116348266602       -5.7515649742378326E-003  -5.9606422506065749E-003
   4.5600118637084961       -5.6919571874490251E-003  -5.9104183605627166E-003
   4.5700120925903320       -5.6328516510559925E-003  -5.8599300892154356E-003
   4.5800123214721680       -5.5742510089322808E-003  -5.8092168194647563E-003
   4.5900125503540039       -5.5161575111134223E-003  -5.7583159810308494E-003
   4.6000127792358398       -5.4585730333291801E-003  -5.7072631345503671E-003
   4.6100130081176758       -5.4014990956948120E-003  -5.6560920521251026E-003
   4.6200132369995117       -5.3449368805968279E-003  -5.6048347944855784E-003
   4.6300134658813477       -5.2888872498070942E-003  -5.5535217849038395E-003
   4.6400136947631836       -5.2333507608577938E-003  -5.5021818799950951E-003
   4.6500139236450195       -5.1783276827083525E-003  -5.4508424375485347E-003
   4.6600141525268555       -5.1238180107340426E-003  -5.3995293815104033E-003
   4.6700143814086914       -5.0698214810647405E-003  -5.3482672642274085E-003
   4.6800146102905273       -5.0163375843012359E-003  -5.2970793260924279E-003
   4.6900148391723633       -4.9633655786350704E-003  -5.2459875526766724E-003
   4.7000150680541992       -4.9109045023970413E-003  -5.1950127294755205E-003
   4.7100152969360352       -4.8589531860582348E-003  -5.1441744943511343E-003
   4.7200155258178711       -4.8075102637066209E-003  -5.0934913877839043E-003
   4.7300157546997070       -4.7565741840211216E-003  -5.0429809010176449E-003
   4.7400159835815430       -4.7061432207642180E-003  -4.9926595221850972E-003
   4.7500162124633789       -4.6562154828132894E-003  -4.9425427805086216E-003
   4.7600164413452148       -4.6067889237499373E-003  -4.8926452886460014E-003
   4.7700166702270508       -4.5578613510258411E-003  -4.8429807832633060E-003
   4.7800168991088867       -4.5094304347228749E-003  -4.7935621639163531E-003
   4.7900171279907227       -4.4614937159244026E-003  -4.7444015302968000E-003
   4.8000173568725586       -4.4140486147141019E-003  -4.6955102179270765E-003
   4.8100175857543945       -4.3670924378178318E-003  -4.6468988323556852E-003
   4.8200178146362305       -4.3206223859035388E-003  -4.5985772819275494E-003
   4.8300180435180664       -4.2746355605534523E-003  -4.5505548091777951E-003
   4.8400182723999023       -4.2291289709223351E-003  -4.5028400209153364E-003
   4.8500185012817383       -4.1840995400948908E-003  -4.4554409170450733E-003
   4.8600187301635742       -4.1395441111549431E-003  -4.4083649181842375E-003
   4.8700189590454102       -4.0954594529784448E-003  -4.3616188921203926E-003
   4.8800191879272461       -4.0518422657619011E-003  -4.3152091791661797E-003
   4.8900194168090820       -4.0086891862972400E-003  -4.2691416164424619E-003
   4.9000196456909180       -3.9659967930038443E-003  -4.2234215611520569E-003
   4.9100198745727539       -3.9237616107278429E-003  -4.1780539128731115E-003
   4.9200201034545898       -3.8819801153184615E-003  -4.1330431349161359E-003
   4.9300203323364258       -3.8406487379907994E-003  -4.0883932747863829E-003
   4.9400205612182617       -3.7997638694839768E-003  -4.0441079837840316E-003
   4.9500207901000977       -3.7593218640232765E-003  -4.0001905357830141E-003
   4.9600210189819336       -3.7193190430944924E-003  -3.9566438452155609E-003
   4.9700212478637695       -3.6797516990384293E-003  -3.9134704843048996E-003
   4.9800214767456055       -3.6406160984730710E-003  -3.8706726995643083E-003
   4.9900217056274414       -3.6019084855507541E-003  -3.8282524276072394E-003
   5.0000219345092773       -3.5636250850572377E-003  -3.7862113102832178E-003
   5.0100221633911133       -3.5257621053594096E-003  -3.7445507091804905E-003
   5.0200223922729492       -3.4883157412079636E-003  -3.7032717195076593E-003
   5.0300226211547852       -3.4512821764012568E-003  -3.6623751833913341E-003
   5.0400228500366211       -3.4146575863161876E-003  -3.6218617026105319E-003
   5.0500230789184570       -3.3784381403117263E-003  -3.5817316507845225E-003
   5.0600233078002930       -3.3426200040105650E-003  -3.5419851850481609E-003
   5.0700235366821289       -3.3071993414640114E-003  -3.5026222572245524E-003
   5.0800237655639648       -3.2721723172051530E-003  -3.4636426245257942E-003
   5.0900239944458008       -3.2375350981950122E-003  -3.4250458597902579E-003
   5.1000242233276367       -3.2032838556663250E-003  -3.3868313612858926E-003
   5.1100244522094727       -3.1694147668692861E-003  -3.3489983620926095E-003
   5.1200246810913086       -3.1359240167234664E-003  -3.3115459390772764E-003
   5.1300249099731445       -3.1028077993799793E-003  -3.2744730214859527E-003
   5.1400251388549805       -3.0700623196977229E-003  -3.2377783991643814E-003
   5.1500253677368164       -3.0376837946374147E-003  -3.2014607304217462E-003
   5.1600255966186523       -3.0056684545769876E-003  -3.1655185495525623E-003
   5.1700258255004883       -2.9740125445517646E-003  -3.1299502740347040E-003
   5.1800260543823242       -2.9427123254226525E-003  -3.0947542114087277E-003
   5.1900262832641602       -2.9117640749755395E-003  -3.0599285658631202E-003
   5.2000265121459961       -2.8811640889548403E-003  -3.0254714445227884E-003
   5.2100267410278320       -2.8509086820341536E-003  -2.9913808634684548E-003
   5.2200269699096680       -2.8209941887267251E-003  -2.9576547534858355E-003
   5.2300271987915039       -2.7914169642384167E-003  -2.9242909655637591E-003
   5.2400274276733398       -2.7621733852656941E-003  -2.8912872761441932E-003
   5.2500276565551758       -2.7332598507411121E-003  -2.8586413921428901E-003
   5.2600278854370117       -2.7046727825285931E-003  -2.8263509557444051E-003
   5.2700281143188477       -2.6764086260707533E-003  -2.7944135489771042E-003
   5.2800283432006836       -2.6484638509904788E-003  -2.7628266980922449E-003
   5.2900285720825195       -2.6208349516487093E-003  -2.7315878777335058E-003
   5.3000288009643555       -2.5935184476605258E-003  -2.7006945149261941E-003
   5.3100290298461914       -2.5665108843713450E-003  -2.6701439928801512E-003
   5.3200292587280273       -2.5398088332950841E-003  -2.6399336546182755E-003
   5.3300294876098633       -2.5134088925160398E-003  -2.6100608064404283E-003
   5.3400297164916992       -2.4873076870561262E-003  -2.5805227212244036E-003
   5.3500299453735352       -2.4615018692091041E-003  -2.5513166415750766E-003
   5.3600301742553711       -2.4359881188433163E-003  -2.5224397828271811E-003
   5.3700304031372070       -2.4107631436743960E-003  -2.4938893359015132E-003
   5.3800306320190430       -2.3858236795094110E-003  -2.4656624700351904E-003
   5.3900308609008789       -2.3611664904637062E-003  -2.4377563353730545E-003
   5.4000310897827148       -2.3367883691518300E-003  -2.4101680654401154E-003
   5.4100313186645508       -2.3126861368537371E-003  -2.3828947794929584E-003
   5.4200315475463867       -2.2888566436574755E-003  -2.3559335847588734E-003
   5.4300317764282227       -2.2652967685794826E-003  -2.3292815785617114E-003
   5.4400320053100586       -2.2420034196636214E-003  -2.3029358503472140E-003
   5.4500322341918945       -2.2189735340599637E-003  -2.2768934836064291E-003
   5.4600324630737305       -2.1962040780843387E-003  -2.2511515576999503E-003
   5.4700326919555664       -2.1736920472596377E-003  -2.2257071495948109E-003
   5.4800329208374023       -2.1514344663397509E-003  -2.2005573355104815E-003
   5.4900331497192383       -2.1294283893170431E-003  -2.1756991924789595E-003
   5.5000333786010742       -2.1076708994142278E-003  -2.1511297998273149E-003
   5.5100336074829102       -2.0861591090614168E-003  -2.1268462405780592E-003
   5.5200338363647461       -2.0648901598591639E-003  -2.1028456027807289E-003
   5.5300340652465820       -2.0438612225281943E-003  -2.0791249807664983E-003
   5.5400342941284180       -2.0230694968465866E-003  -2.0556814763387798E-003
   5.5500345230102539       -2.0025122115750484E-003  -2.0325121998971225E-003
   5.5600347518920898       -1.9821866243709533E-003  -2.0096142714978878E-003
   5.5700349807739258       -1.9620900216917704E-003  -1.9869848218561580E-003
   5.5800352096557617       -1.9422197186884749E-003  -1.9646209932907928E-003
   5.5900354385375977       -1.9225730590895071E-003  -1.9425199406128454E-003
   5.6000356674194336       -1.9031474150758483E-003  -1.9206788319635259E-003
   5.6100358963012695       -1.8839401871477157E-003  -1.8990948496012048E-003
   5.6200361251831055       -1.8649488039833878E-003  -1.8777651906392160E-003
   5.6300363540649414       -1.8461707222906514E-003  -1.8566870677415538E-003
   5.6400365829467773       -1.8276034266512910E-003  -1.8358577097691061E-003
   5.6500368118286133       -1.8092444293591168E-003  -1.8152743623896350E-003
   5.6600370407104492       -1.7910912702518917E-003  -1.7949342886431317E-003
   5.6700372695922852       -1.7731415165376050E-003  -1.7748347694711555E-003
   5.6800374984741211       -1.7553927626154529E-003  -1.7549731042102860E-003
   5.6900377273559570       -1.7378426298918840E-003  -1.7353466110468700E-003
   5.7000379562377930       -1.7204887665920969E-003  -1.7159526274434086E-003
   5.7100381851196289       -1.7033288475672751E-003  -1.6967885105283814E-003
   5.7200384140014648       -1.6863605740979218E-003  -1.6778516374587537E-003
   5.7300386428833008       -1.6695816736935710E-003  -1.6591394057514316E-003
   5.7400388717651367       -1.6529898998891835E-003  -1.6406492335880013E-003
   5.7500391006469727       -1.6365830320384947E-003  -1.6223785600923001E-003
   5.7600393295288086       -1.6203588751045883E-003  -1.6043248455834436E-003
   5.7700395584106445       -1.6043152594479378E-003  -1.5864855718036525E-003
   5.7800397872924805       -1.5884500406121709E-003  -1.5688582421235755E-003
   5.7900400161743164       -1.5727610991077804E-003  -1.5514403817268160E-003
   5.8000402450561523       -1.5572463401939893E-003  -1.5342295377704764E-003
   5.8100404739379883       -1.5419036936590112E-003  -1.5172232795297885E-003
   5.8200407028198242       -1.5267311135988635E-003  -1.5004191985201038E-003
   5.8300409317016602       -1.5117265781949617E-003  -1.4838149086036432E-003
   5.8400411605834961       -1.4968880894906448E-003  -1.4674080460770757E-003
   5.8500413894653320       -1.4822136731668263E-003  -1.4511962697440280E-003
   5.8600416183471680       -1.4677013783169195E-003  -1.4351772609706606E-003
   5.8700418472290039       -1.4533492772212065E-003  -1.4193487237290771E-003
   5.8800420761108398       -1.4391554651207740E-003  -1.4037083846227161E-003
   5.8900423049926758       -1.4251180599911947E-003  -1.3882539929026575E-003
   5.9000425338745117       -1.4112352023160455E-003  -1.3729833204677523E-003
   5.9100427627563477       -1.3975050548604249E-003  -1.3578941618551032E-003
   5.9200429916381836       -1.3839258024445650E-003  -1.3429843342183602E-003
   5.9300432205200195       -1.3704956517176614E-003  -1.3282516772945222E-003
   5.9400434494018555       -1.3572128309320337E-003  -1.3136940533612430E-003
   5.9500436782836914       -1.3440755897177145E-003  -1.2993093471851580E-003
   5.9600439071655273       -1.3310821988575540E-003  -1.2850954659594594E-003
   5.9700441360473633       -1.3182309500629498E-003  -1.2710503392336825E-003
   5.9800443649291992       -1.3055201557502778E-003  -1.2571719188362758E-003
   5.9900445938110352       -1.2929481488180982E-003  -1.2434581787866294E-003
   6.0000448226928711       -1.2805132824252410E-003  -1.2299071152034628E-003
   6.0100450515747070       -1.2682139297698078E-003  -1.2165167462038443E-003
   6.0200452804565430       -1.2560484838691831E-003  -1.2032851117962046E-003
   6.0300455093383789       -1.2440153573411155E-003  -1.1902102737682324E-003
   6.0400457382202148       -1.2321129821859205E-003  -1.1772903155677676E-003
   6.0500459671020508       -1.2203398095698740E-003  -1.1645233421799630E-003
   6.0600461959838867       -1.2086943096098338E-003  -1.1519074799975519E-003
   6.0700464248657227       -1.1971749711591595E-003  -1.1394408766882318E-003
   6.0800466537475586       -1.1857803015949573E-003  -1.1271217010562586E-003
   6.0900468826293945       -1.1745088266067105E-003  -1.1149481429014376E-003
   6.1000471115112305       -1.1633590899863182E-003  -1.1029184128723917E-003
   6.1100473403930664       -1.1523296534196030E-003  -1.0910307423186139E-003
   6.1200475692749023       -1.1414190962792975E-003  -1.0792833831373388E-003
   6.1300477981567383       -1.1306260154195619E-003  -1.0676746076184833E-003
   6.1400480270385742       -1.1199490249720527E-003  -1.0562027082867684E-003
   6.1500482559204102       -1.1093867561435700E-003  -1.0448659977401989E-003
   6.1600484848022461       -1.0989378570153202E-003  -1.0336628084879563E-003
   6.1700487136840820       -1.0886009923437993E-003  -1.0225914927855407E-003
   6.1800489425659180       -1.0783748433633256E-003  -1.0116504224661352E-003
   6.1900491714477539       -1.0682581075902582E-003  -1.0008379887741657E-003
   6.2000494003295898       -1.0582494986288802E-003  -9.9015260219230731E-004
   6.2100496292114258       -1.0483477459790117E-003  -9.7959269227259282E-004
   6.2200498580932617       -1.0385515948453119E-003  -9.6915670746144694E-004
   6.2300500869750977       -1.0288598059483309E-003  -9.5884311492632737E-004
   6.2400503158569336       -1.0192711553372951E-003  -9.4865040038117157E-004
   6.2500505447387695       -1.0097844342046381E-003  -9.3857706790995794E-004
   6.2600507736206055       -1.0003984487022960E-003  -9.2862163979102574E-004
   6.2700510025024414       -9.9111201975975996E-004  -9.1878265632000739E-004
   6.2800512313842773       -9.8192398290389868E-004  -9.0905867563263005E-004
   6.2900514602661133       -9.7283318808055372E-004  -8.9944827352611968E-004
   6.3000516891479492       -9.6383849947792035E-004   6.9318250616855364E-310
