   0.0000000000000000        100.00000000000000     
   5.0000000745058060E-002   94.999999925494194     
  0.10000000149011612        90.249999858438969     
  0.15000000223517418        85.737499798275536     
  0.20000000298023224        81.450624744482340     
  0.25000000372529030        77.378093446572777     
  0.30000000447034836        73.509188716592959     
  0.35000000521540642        69.833729225994702     
  0.40000000596046448        66.342042712664778     
  0.45000000670552254        63.024940527602865     
  0.50000000745058060        59.873693454265485     
  0.55000000819563866        56.880008736942834     
  0.60000000894069672        54.036008257716780     
  0.65000000968575478        51.334207804570980     
  0.70000001043081284        48.767497376095463     
  0.75000001117587090        46.329122470956072     
  0.80000001192092896        44.012666312890381     
  0.85000001266598701        41.812032964453870     
  0.90000001341104507        39.721431285078786     
  0.95000001415610313        37.735359691230073     
   1.0000000149011612        35.848591678553532     
   1.0500000156462193        34.056162067916574     
   1.1000000163912773        32.353353939146928     
   1.1500000171363354        30.735686218084453     
   1.2000000178813934        29.198901884280360     
   1.2500000186264515        27.738956768311464     
   1.3000000193715096        26.352008909228758     
   1.3500000201165676        25.034408444133543     
   1.4000000208616257        23.782688003274778     
   1.4500000216066837        22.593553585391554     
   1.5000000223517418        21.463875889288467     
   1.5500000230967999        20.390682078832210     
   1.6000000238418579        19.371147959698359     
   1.6500000245869160        18.402590547280809     
   1.7000000253319740        17.482461006205771     
   1.7500000260770321        16.608337942870033     
   1.8000000268220901        15.777921033352357     
   1.8500000275671482        14.989024969929272     
   1.9000000283122063        14.239573710265114     
   1.9500000290572643        13.527595014142550     
   2.0000000298023224        12.851215253356578     
   2.0500000305473804        12.208654481113848     
   2.1000000312924385        11.598221747962000     
   2.1500000320374966        11.018310651922551     
   2.2000000327825546        10.467395111117142     
   2.2500000335276127        9.9440253477624676     
   2.3000000342726707        9.4468240729654678     
   2.3500000350177288        8.9744828622787622     
   2.4000000357627869        8.5257587124783125     
   2.4500000365078449        8.0994707705022115     
   2.5000000372529030        7.6944972259425253     
   2.5500000379979610        7.3097723589125518     
   2.6000000387430191        6.9442837355207194     
   2.6500000394880772        6.5970695435707887     
   2.7000000402331352        6.2672160614770496     
   2.7500000409781933        5.9538552537337575     
   2.8000000417232513        5.6561624866111018     
   2.8500000424683094        5.3733543580663774     
   2.9000000432133675        5.1046866361595979     
   2.9500000439584255        4.8494523005483305     
   3.0000000447034836        4.6069796819077906     
   3.0500000454485416        4.3766306943799336     
   3.1000000461935997        4.1577991564000927     
   3.1500000469386578        3.9499091954822863     
   3.2000000476837158        3.7524137327652602     
   3.2500000484287739        3.5647930433312309     
   3.3000000491738319        3.3865533885086916     
   3.3500000499188900        3.2172257165600779     
   3.4000000506639481        3.0563644283350540     
   3.4500000514090061        2.9035462046411324     
   3.5000000521540642        2.7583688922457652     
   3.5500000528991222        2.6204504455783320     
   3.6000000536441803        2.4894279213470276     
   3.6500000543892384        2.3649565234249077     
   3.7000000551342964        2.2467086954916322     
   3.7500000558793545        2.1343732590431221     
   3.8000000566244125        2.0276545945007340     
   3.8500000573694706        1.9262718632649769     
   3.9000000581145287        1.8299582686665437     
   3.9500000588595867        1.7384603538697914     
   4.0000000596046448        1.6515373348810478     
   4.0500000603497028        1.5689604669065043     
   4.1000000610947609        1.4905124423922125     
   4.1500000618398190        1.4159868191620835     
   4.2000000625848770        1.3451874771489869     
   4.2500000633299351        1.2779281022892948     
   4.3000000640749931        1.2140316962226994     
   4.3500000648200512        1.1533301105070404     
   4.4000000655651093        1.0956636041223904     
   4.4500000663101673        1.0408804230999378     
   4.5000000670552254       0.98883640116942451     
   4.5500000678002834       0.93939458037421275     
   4.6000000685453415       0.89242485065559862     
   4.6500000692903996       0.84780360745791039     
   4.7000000700354576       0.80541342645335201     
   4.7500000707805157       0.76514275453060465     
   4.8000000715255737       0.72688561623399861     
   4.8500000722706318       0.69054133488072666     
   4.9000000730156898       0.65601426762219694     
   4.9500000737607479       0.62321355375231835     
   5.0000000745058060       0.59205287560037212     
   5.0500000752508640       0.56245023137923977     
   5.1000000759959221       0.53432771939121970     
   5.1500000767409801       0.50761133302355355     
   5.2000000774860382       0.48223076599417597     
   5.2500000782310963       0.45811922733517724     
   5.3000000789761543       0.43521326562709295     
   5.3500000797212124       0.41345260202147915     
   5.4000000804662704       0.39277997161235900     
   5.4500000812113285       0.37314097273909719     
   5.5000000819563866       0.35448392382413063     
   5.5500000827014446       0.33675972736881299     
   5.6000000834465027       0.31992174074946678     
   5.6500000841915607       0.30392565347363315     
   5.7000000849366188       0.28872937057350923     
   5.7500000856816769       0.27429290182971361     
   5.8000000864267349       0.26057825653386379     
   5.8500000871717930       0.24754934351302468     
   5.9000000879168510       0.23517187615293481     
   5.9500000886619091       0.22341328217007136     
   6.0000000894069672       0.21224261789511192     
   6.0500000901520252       0.20163048684222326     
   6.1000000908970833       0.19154896234988567     
   6.1500000916421413       0.18197151408967630     
   6.2000000923871994       0.17287293824961314     
   6.2500000931322575       0.16422929120833210     
   6.3000000938773155       0.15601782652555513     
   6.3500000946223736       0.14821693508303502     
   6.4000000953674316       0.14080608821845306     
   6.4500000961124897       0.13376578370262168     
   6.5000000968575478       0.12707749441782731     
   6.5500000976026058       0.12072361960225583     
   6.6000000983476639       0.11468743853219693     
   6.6500000990927219       0.10895306652013828     
   6.7000000998377800       0.10350541311295501     
   6.7500001005828381        9.8330142380189722E-002
   6.8000001013278961        9.3413635187918564E-002
   6.8500001020729542        8.8742953358924057E-002
   6.9000001028180122        8.4305805624859204E-002
   6.9500001035630703        8.0090515280803520E-002
   7.0000001043081284        7.6085989457091260E-002
   7.0500001050531864        7.2281689927548215E-002
   7.1000001057982445        6.8667605377316754E-002
   7.1500001065433025        6.5234225057289569E-002
   7.2000001072883606        6.1972513755821808E-002
   7.2500001080334187        5.8873888021857598E-002
   7.3000001087784767        5.5930193576900253E-002
   7.3500001095235348        5.3133683856383999E-002
   7.4000001102685928        5.0476999623977122E-002
   7.4500001110136509        4.7953149605169970E-002
   7.5000001117587090        4.5555492089183594E-002
   7.5500001125037670        4.3277717450782925E-002
   7.6000001132488251        4.1113831545999367E-002
   7.6500001139938831        3.9058139938067206E-002
   7.7000001147389412        3.7105232912063260E-002
   7.7500001154839993        3.5249971238814543E-002
   7.8000001162290573        3.3487472650610542E-002
   7.8500001169741154        3.1813098993129903E-002
   7.9000001177191734        3.0222444019770801E-002
   7.9500001184642315        2.8711321796264785E-002
   8.0000001192092896        2.7275755685059945E-002
   8.0500001199543476        2.5911967880484926E-002
   8.1000001206994057        2.4616369467154758E-002
   8.1500001214444637        2.3385550975456394E-002
   8.2000001221895218        2.2216273409259982E-002
   8.2500001229345798        2.1105459722244570E-002
   8.3000001236796379        2.0050186720407547E-002
   8.3500001244246960        1.9047677369448617E-002
   8.4000001251697540        1.8095293486784559E-002
   8.4500001259148121        1.7190528798963288E-002
   8.5000001266598701        1.6331002346207182E-002
   8.5500001274049282        1.5514452216729278E-002
   8.6000001281499863        1.4738729594333647E-002
   8.6500001288950443        1.4001793103635756E-002
   8.7000001296401024        1.3301703438021820E-002
   8.7500001303851604        1.2636618256210187E-002
   8.8000001311302185        1.2004787333984664E-002
   8.8500001318752766        1.1404547958341168E-002
   8.9000001326203346        1.0834320551927059E-002
   8.9500001333653927        1.0292604516258509E-002
   9.0000001341104507        9.7779742827769946E-003
   9.0500001348555088        9.2890755613529857E-003
   9.1000001356005669        8.8246217763644358E-003
   9.1500001363456249        8.3833906809713584E-003
   9.2000001370906830        7.9642211406766774E-003
   9.2500001378357410        7.5660100777090360E-003
   9.3000001385807991        7.1877095681864671E-003
   9.3500001393258572        6.8283240844218829E-003
   9.4000001400709152        6.4869078751132909E-003
   9.4500001408159733        6.1625624765245038E-003
   9.5000001415610313        5.8544343481068120E-003
   9.5500001423060894        5.5617126263395782E-003
   9.6000001430511475        5.2836269908788005E-003
   9.6500001437962055        5.0194456373982514E-003
   9.7000001445412636        4.7684733517885606E-003
   9.7500001452863216        4.5300496806463426E-003
   9.8000001460313797        4.3035471932388759E-003
   9.8500001467764378        4.0883698303705394E-003
   9.9000001475214958        3.8839513358059395E-003
   9.9500001482665539        3.6897537661218734E-003
   10.000000149011612        3.5052660750666989E-003
